065226654276543665516654456489665050
00316553465535655350
00316553465535655350
00226553565535655340
00226553565535655340
00126553565535655350
00126553565535655350
065535126553565535655350
065535126553565535655350
065535126553465535655350
065535126553465535655350
0655350300655340
0655350300655340
0655350301655350
0655350301655350
06553565533201655350
06553565533201655350
00655342655351655340
00655342655351655340
065535655344116553365535
065535655344116553365535
06553565534312655340
06553565534312655340
06553565533311655340
06553565533311655340
06553565535310655330
06553565535310655330
0004216553365535
0004216553365535
00655353216553365535
00655353216553365535
065535655333106553365535
065535655333106553365535
00655354106553365535
00655354106553365535
00655354216553365535
00655354216553365535
00655343116553365535
00655343116553365535
065535655342106553365535
065535655342106553365535
00655343106553265535
00655343106553265535
00655343116553365535
00655343116553365535
01655176553165534655346552965535
01655176553165534655346552965535
06655076552265528655316552565534
06655076552265528655316552565534
0665509655006551865523655310
0665509655006551865523655310
01865507654556549965515655261
01865507654556549965515655261
02365509654476547465506655283
02365509654476547465506655283
02265506654676544965496655337
02265506654676544965496655337
03065496655216543165473655298
03065496655216543165473655298
04065506126543765457655257
04065506126543765457655257
056655161465439654566552412
065655181065439654566553212
065655181065439654566553212
078655191465441654583723
078655191465441654583723
086655201365442654609549
086655201365442654609549
084655201665440654606935
084655201665440654606935
088655211665439654599649
088655211665439654599649
088655211965439654587236
088655211965439654587236
089655221965439654589145
089655221965439654589145
088655212065438654587738
088655212065438654587738
090655221965437654578643
090655221965437654578643
090655222165438654577838
090655222165438654577838
090655232265437654588040
090655232265437654588040
089655222165437654588241
089655222165437654588241
091655232165435654577939
091655232165435654577939
091655232265437654588139
091655232265437654588139
090655222365437654597738
090655222365437654597738
088655222165438654608041
088655222165438654608041
095655252065439654647544
095655252065439654647544
0104655256553565444654659159
0104655256553565444654659159
092655236552565439654626839
092655236552565439654626839
081655216553465435654591924
081655216553465435654591924
086655216552965433654611821
086655216552965433654611821
0946552222654386546411666
0946552222654386546411666
088655201865437654596235
088655201865437654596235
090655203065438654608451
090655203065438654608451
085655226551965438654615132
085655226551965438654615132
057655176551365437654672429
057655176551365437654672429
03265508654676545165496310
03265508654676545165496310
02565509654426547465506655354
02565509654426547465506655354
02165513654606550765510655330
02165513654606550765510655330
018655116550665524655246552965534
023655016550165520655236552765534
023655016550165520655236552765534
031655006546065501655126553465535
031655006546065501655126553465535
03565499654526549965514165535
03565499654526549965514165535
039654986544965489655126553165534
039654986544965489655126553165534
041654996545065472655096553265535
041654996545065472655096553265535
04165502654466544965504655341
04165502654466544965504655341
041655056544465425654921919
041655056544465425654921919
037655036544365442654815142
037655036544365442654815142
040655096543865444654833139
040655096543865444654833139
049655046547865419654586553016
049655046547865419654586553016
044654996550565420654416552712
044654996550565420654416552712
053655076544865424654866553412
053655076544865424654866553412
05265515654526547865502655300
05265515654526547865502655300
051655126545965494655046552365534
051655126545965494655046552365534
047655086545965499655066552165534
047655086545965499655066552165534
040655046547965506655086552365534
040655046547965506655086552365534
037654956549765509655096552165534
037654956549765509655096552165534
035654946551665511655106552065534
035654946551665511655106552065534
034654956551965512655106551965534
034654956551965512655106551965534
039654956545865491655046552265534
046654976544265450654996552065534
046654976544265450654996552065534
084655116544565415654865138
084655116544565415654865138
061655153265442654645237
061655153265442654645237
068655081233235230
068655081233235230
0113655224965451654638361
0113655224965451654638361
0502311765459654819858
0502311765459654819858
01883734971760
01883734971760
094116551510439401
094116551510439401
02364365508106656553032
02364365508106656553032
032265513655069216165229
032265513655069216165229
017051654936552665507237199
017051654936552665507237199
0117114654706546565506278192
0117114654706546565506278192
0236136654726544965516326143
0236136654726544965516326143
03801591076549894315109
03801591076549894315109
03661561666034429173
03661561666034429173
03811742976531731076
03811742976531731076
042523542010025729777
042523542010025729777
0421238485161302298116
0421238485161302298116
035119254219025127290
035119254219025127290
02017656622127920452
