0216526013465377653816549765471
01655136553306553500
01655136553306553500
01655156553416553500
01655156553416553500
0265515655331000
0265515655331000
01655166553216553500
01655166553216553500
02655186553006553500
02655186553006553500
03655216553106553500
03655216553106553500
0465521655321000
0465521655321000
076551102100
076551102100
0126551621000
0126551621000
019655241126553500
019655241126553500
023655322526553300
023655322526553300
018655292506553100
018655292506553100
0206552822655356553200
0206552822655356553200
020655292406553200
020655292406553200
020655292406553200
020655292406553200
019655282306553200
019655282306553200
0206552922655356553200
0206552922655356553200
020655292316553300
020655292316553300
020655292306553300
020655292306553300
018655282306553300
018655282306553300
0206552823655346553200
0206552823655346553200
0276552618655326553100
0276552618655326553100
0406552211655316553100
0406552211655316553100
051655207655306553100
051655207655306553100
062655225655306553100
062655225655306553100
066655225655316553100
066655225655316553100
068655236655316553100
068655236655316553100
068655245655316553100
068655245655316553100
070655256655316553100
070655256655316553100
071655266655316553100
071655266655316553100
071655276655316553100
071655276655316553100
070655266655316553100
070655266655316553100
066655258655326553100
066655258655326553100
0556552213655336553100
0556552213655336553100
0426552217655336553300
0426552217655336553300
0346552516655346553400
0346552516655346553400
029655271406553500
029655271406553500
0306552492100
0306552492100
0326552254100
0326552254100
0356552124000
0356552124000
0376552027000
0376552027000
0386552118000
0386552118000
0386552018000
0386552018000
04065520655358000
04065520655358000
04165521110000
04165521110000
04165522010000
04165522010000
04065521010000
04065521010000
0396552537100
0396552537100
03265527114100
03265527114100
02565528170000
02565528170000
0286552317655336553300
0286552317655336553300
0396552113655316553100
0396552113655316553100
051655219655316553100
051655219655316553100
059655217655316553100
059655217655316553100
063655205655316553100
063655205655316553100
065655225655316553100
065655225655316553100
067655226655326553100
067655226655326553100
066655226655326553100
066655226655326553100
066655216655326553100
066655216655326553100
068655236655316553100
068655236655316553100
068655247655326553100
068655247655326553100
0616552310655326553100
0616552310655326553100
0486552114655336553100
0486552114655336553100
0396552217655336553200
0396552217655336553200
0326552415655356553500
0326552415655356553500
0306552491100
0306552491100
0346551823100
0346551823100
0386551805000
0386551805000
0396551807000
0396551807000
03965518655357000
03965518655357000
0386552116000
0386552116000
0316552782000
0316552782000
023215655346553500
023215655346553500
0256553516655316553200
0256553516655316553200
0366552912655306553100
0366552912655306553100
051655188655316553100
051655188655316553100
059655197655316553100
059655197655316553100
059655206655316553100
059655206655316553100
060655216655316553100
060655216655316553100
060655227655326553100
060655227655326553100
060655237655316553100
060655237655316553100
059655227655326553100
059655227655326553100
059655248655326553100
059655248655326553100
0566552613655356553100
0566552613655356553100
038655181416553400
038655181416553400
0301104000
0301104000
035536000
035536000
0362429000
0362429000
03641110000
03546010000
03546010000
0373196553500
0373196553500
0326553376100
0326553376100
019171706553500
019171706553500
025619655326553100
025619655326553100
0446552313655316553100
0446552313655316553100
056655259655316553100
056655259655316553100
064655268655316553100
064655268655316553100
065655237655306553100
065655237655306553100
063655228655316553100
063655228655316553100
0536552012655316553100
0536552012655316553100
0406551917655326553100
0406551917655326553100
0356551816655336553200
0356551816655336553200
0296552415655356553400
0296552415655356553400
02665529113000
02665529113000
0276552984100
0276552984100
0306552946100
0306552946100
0316553038000
0316553038000
03365531111100
03365531111100
03465532012100
03465532012100
036655336553412100
036655336553412100
03665533013000
03665533013000
03165533510200
03165533510200
02165526151000
02165526151000
0266551414655336553300
0266551414655336553300
039655099655326553100
039655099655326553100
056655145655316553100
056655145655316553100
063655174655316553100
063655174655316553100
066655194655316553100
066655194655316553100
067655205655316553100
067655205655316553100
067655205655316553100
067655205655316553100
066655195655316553100
066655195655316553100
064655185655316553100
064655185655316553100
052655138655336553100
052655138655336553100
044655121106553300
044655121106553300
03065519105000
03065519105000
03065533110100
03065533110100
033655356553414100
033655356553414100
03316553315100
03316553315100
03406553315100
03406553315100
03616553315000
03616553315000
03516553416100
03516553416100
03406553416100
03406553416100
03306553315100
03306553315100
03306553515000
03306553515000
03306553515100
03306553515100
031655356553514100
031655356553514100
031655356553514100
031655356553514100
02965534213100
02965534213100
03065525311200
03065525311200
03065515655334500
03065515655334500
02965520655281600
02965520655281600
03265534655348200
03265534655348200
0356553365534136553500
0356553365534136553500
034655276553412000
034655276553412000
03165515655314400
03165515655314400
03065512655290600
03065512655290600
02765514655281700
02765514655281700
02565519655292600
02565519655292600
02765520655293500
02765520655293500
02765518655303500
02765518655303500
02665515655282700
02665515655282700
02565516655293600
02565516655293600
02565515655292600
02565515655292600
02565512655281600
02565512655281600
02565514655282600
02565514655282600
02465510655282700
02465510655282700
02665505655270600
02665505655270600
02465512655293600
02465512655293600
02465506655292500
02465506655292500
026654956552665535500
026654956552665535500
02365502655282500
02365502655282500
02665511655356300
02665511655356300
029655134106553500
029655134106553500
0346551065535106553300
0346551065535106553300
039655116553396553100
039655116553396553100
039655106553496553100
039655106553496553100
03965510236553100
03965510236553100
049655215655356553100
049655215655356553100
056655267655346553100
056655267655346553100
047655241126553100
047655241126553100
033655191336553100
033655191336553100
025655181056553300
025655181056553300
02665524696553400
02665524696553400
032655300136553500
032655300136553500
029655253116553500
029655253116553500
02265515926553400
02265515926553400
0366551811655346553100
0366551811655346553100
049655186655336553100
049655186655336553100
057655194655326553100
057655194655326553100
062655214655326553100
062655214655326553100
063655225655336553100
063655225655336553100
059655225655336553100
059655225655336553100
0506552411655356553100
0506552411655356553100
039655211616553200
039655211616553200
025655201446553400
025655201446553400
0236552497100
0236552497100
02665528111100
02665528111100
032655316553512000
032655316553512000
02865525610100
02865525610100
022655181426553500
022655181426553500
0346551915655336553100
0346551915655336553100
0536552410655316553100
0536552410655316553100
0646552910655326553100
0646552910655326553100
066655309655326553100
066655309655326553100
065655309655326553100
065655309655326553100
067655319655326553100
067655319655326553100
0666553110655336553100
0666553110655336553100
0656553010655336553100
0656553010655336553100
0656552910655326553100
0656552910655326553100
0656553011655326553100
0656553011655326553100
0646552911655336553100
0646552911655336553100
0566553117655346553100
0566553117655346553100
0436553126655356553100
0436553126655356553100
032655272506553200
032655272506553200
027655272516553400
027655272516553400
024655272616553400
024655272616553400
024655262516553400
024655262516553400
024655272716553400
024655272716553400
025655262516553400
025655262516553400
02465524165000
03265526312100
03265526312100
03565528215100
03565528215100
03565528116100
03565528116100
03565528116100
03565528116100
03665527016100
03665527016100
03665528016100
03665528016100
03765528017100
03765528017100
03665528017100
03665528017100
03765528016100
03765528016100
03765528217100
03765528217100
03665527317200
03665527317200
02965520912200
02965520912200
025655171626553500
025655171626553500
0346551617655346553200
0346551617655346553200
0446551611655326553100
0446551611655326553100
054655177655316553100
054655177655316553100
063655206655316553100
063655206655316553100
065655217655326553100
065655217655326553100
065655218655326553100
065655218655326553100
064655218655326553100
064655218655326553100
065655228655326553100
065655228655326553100
065655239655336553100
065655239655336553100
0596552412655346553100
0596552412655346553100
0476552320655356553200
0476552320655356553200
039655212106553200
039655212106553200
036655192016553400
036655192016553400
035655192016553300
035655192016553300
034655171916553400
034655171916553400
034655181916553300
034655181916553300
032655161536553400
032655161536553400
032655141436553400
032655141436553400
032655131326553400
032655131326553400
031655141426553500
031655141426553500
02765516115200
02765516115200
03065525112200
03065525112200
034655296552918100
034655296552918100
034655296553020100
034655296553020100
034655286553021200
034655286553021200
034655286553021100
034655286553021100
035655286552821100
035655286552821100
035655296553121100
035655296553121100
034655286553121200
033655276553220200
033655276553220200
035655236553520200
035655236553520200
04165514623300
04165514623300
038655031024800
038655031024800
0296549611261500
0296549611261500
0206549310261801
0206549310261801
0126548716302202
0126548716302202
076548465508353004
076548465508353004
013654966540565938255
013654966540565938255
065535654796540580992928
065535654796540580992928
0122106540568915326
0122106540568915326
01654165405113134131109
01654165405113134131109
01531665405124166198145
01531665405124166198145
01491365405121160164130
01491365405121160164130
0130365405120151128113
0130365405120151128113
012465516654059313212392
012465516654059313212392
011165491654054710511660
011165491654054710511660
01016548665405149011713
01016548665405149011713
08865474654054610512713
08865474654054610512713
077654656540512313810412
077654656540512313810412
075654636540512114311112
075654636540512114311112
09465473654057813512416
09465473654057813512416
096654786540513817111816
096654786540513817111816
09165478654051513411312
09165478654051513411312
09165483654056553412911711
09165483654056553412911711
09165483654056553512811912
09165483654056553512811912
08165473654056553312512112
08165473654056553312512112
07965471654058314711314
07965471654058314711314
08065472654053012010915
08065472654053012010915
083654756540513615710818
083654756540513615710818
082654736540512715511120
082654736540512715511120
079654706540511915212125
079654706540511915212125
079654706540510615312827
079654706540510615312827
077654716540512016012433
077654716540512016012433
080654726540513515712643
080654726540513515712643
0101654766540513115612849
0101654766540513115612849
098654756540512315212445
098654756540512315212445
085654776540512515512548
085654776540512515512548
081654746540512215213054
081654746540512215213054
082654776540511614714854
082654776540511614714854
081654756540510614715858
081654756540510614715858
080654726540510314816157
080654726540510314816157
08165474654059914817062
08165474654059914817062
08465479654059713917963
08465479654059713917963
084654776540510012617062
084654776540510012617062
082654716540510012316358
082654716540510012316358
081654686540510012415758
081654686540510012415758
08265469654059712116462
08265469654059712116462
08865475654059211817068
08865475654059211817068
010265484654059211317064
010265484654059211317064
010565492654059111118573
010565492654059111118573
010765495654059211219074
010765495654059211219074
09965489654059211317771
09965489654059211317771
09865485654059111316564
09865485654059111316564
010665487654059211315960
010665487654059211315960
010665490654059511717069
010665490654059511717069
011065497654059511718072
011065497654059511718072
012365513654059811819682
012365513654059811819682
013265527654059912020390
013265527654059912020390
013065518654059711820288
013065518654059711820288
012265508654059812019885
012265508654059812019885
011765502654059811919479
011765502654059811919479
011265498654059711819073
011265498654059711819073
012465497654059912018470
012465497654059912018470
0145655016540510012019071
0145655016540510012019071
015265502654059811918874
015265502654059811918874
016165508654059712418776
016165508654059712418776
014365499654059214618869
014365499654059214618869
012165485654058814619047
012165485654058814619047
0116654776540511415414632
0116654776540511415414632
0146654956540512015217334
0146654956540512015217334
0167655056540511115218032
0167655056540511115218032
0162655006540512115416738
0162655006540512115416738
0202655106540512815216946
0202655106540512815216946
0152654916540513115117741
0152654916540513115117741
0131654956540514914916462
0131654956540514914916462
0109654846540518015415783
0109654846540518015415783
0104654896541717716012479
0104654896541717716012479
0101654906540516816311892
0101654906540516816311892
0806547265406158162136109
0806547265406158162136109
027654366540817017111597
027654366540817017111597
034654416540917517612593
034654416540917517612593
038654426540917617111575
038654426540917617111575
033654516540516416010374
033654516540516416010374
033654636540514514810480
033654636540514514810480
0765461654051531349895
0765461654051531349895
0065467654051531358886
0065467654051531358886
0655336546265405153116111114
0655336546265405153116111114
0655356546565405139142204169
0655356546565405139142204169
046547565405144172213167
046547565405144172213167
0655316545465405120130146151
0655316545465405120130146151
0655356546865405125153171136
0655356546865405125153171136
0655306545465405152172136149
0655306545465405152172136149
036545865405164195255218
036545865405164195255218
086546465405179213297227
086546465405179213297227
0166549165405161188365286
0166549165405161188365286
096547265405160188296247
096547265405160188296247
076546765405142169289253
076546765405142169289253
0126547365405184218321262
0126547365405184218321262
1156548465405167200315262
1156548465405167200315262
066546765405160184222231
066546765405160184222231
016544965405132143107112
016544965405132143107112
05565452654059910710893
05565452654059910710893
09365487654058196138116
09365487654058196138116
08665468654055465132119
08665468654055465132119
0936547465405105122118107
0936547465405105122118107
0886547365405117115127106
0886547365405117115127106
086654716540513213911288
086654716540513213911288
086654726540510310411789
086654726540510310411789
0846547265405675510087
0846547265405675510087
0876547465405635711189
0876547465405635711189
0856547265405605510987
0856547265405605510987
0846547265405605311693
0846547265405605311693
0836547065405595211392
0836547065405595211392
0856547265405585111795
0856547265405585111795
0856547265405595111492
0856547265405595111492
0856547265405595212096
0856547265405595212096
0846547065405595111794
0846547065405595111794
0866547265405584912196
0866547265405584912196
0866547265405585012094
0866547265405585012094
0866547165405584912297
0866547165405584912297
0866547065405574912297
0866547065405574912297
0876547265405564812399
0876547265405564812399
0876547165405564812398
0876547165405564812398
09165473654055546130107
09165473654055546130107
013365493654055256191171
013365493654055256191171
010765483654055355155138
010765483654055355155138
09565476654054955129117
09565476654054955129117
09865477654054255134121
09865477654054255134121
09765476654054356125119
09765476654054356125119
09765476654054456141126
09765476654054456141126
09765476654054557129117
09765476654054557129117
09765476654054557145129
09765476654054557145129
09665475654054455132119
09665475654054455132119
09965477654054555141131
09965477654054555141131
09865477654054656123122
09865477654054656123122
09865476654054555138133
09865476654054555138133
09665476654054451123120
09665476654054451123120
09565475654054449131123
09565475654054449131123
09665476654054350134121
09665476654054350134121
09765475654054350147132
09765475654054350147132
09765476654054351140127
09765476654054351140127
09765476654054350138126
09765476654054350138126
09765475654054452142129
09765475654054452142129
09665475654054452142130
09665475654054452142130
09765475654054353149135
09765475654054353149135
09765475654054553140127
09765475654054553140127
09565475654054554147132
09565475654054554147132
09265474654054554134124
09265474654054554134124
09365475654054452138127
09365475654054452138127
09465475654054554134123
09465475654054554134123
09265474654054554137126
09265474654054554137126
09165473654054554131123
09165473654054554131123
09365474654054453136124
09365474654054453136124
09765474654054353134106
09765474654054353134106
01006547365405425013598
01006547365405425013598
01036547565405425213897
01036547565405425213897
010765479654054253137100
010765479654054253137100
012465486654054356147105
012465486654054356147105
013965492654054559145105
013965492654054559145105
014065491654054561144104
014065491654054561144104
01286548065405435913697
01286548065405435913697
01166547365405436113193
01166547365405436113193
01146547365405436012695
01146547365405436012695
01186547365405435913397
01186547365405435913397
01256548265405456013395
01256548265405456013395
01296548965405455814996
01296548965405455814996
01256548665405445715288
01256548665405445715288
012365481654054564154103
012365481654054564154103
01476549165405466613797
01476549165405466613797
013965491654054153155110
013965491654054153155110
013665492654054152150107
013665492654054152150107
013665491654054152148108
013665491654054152148108
013465492654054253146104
013465492654054253146104
013665492654054253142104
013665492654054253142104
013965492654054252147103
013965492654054252147103
013665491654054153145104
013665491654054153145104
013765492654054252145101
013765492654054252145101
013265491654054253143102
013265491654054253143102
012865490654054053142103
012865490654054053142103
012365489654053954137101
012365489654053954137101
011865488654053953133100
011865488654053953133100
01176548865405395413399
01176548865405395413399
01116548665405405112999
01116548665405405112999
01116548665405385112996
01116548665405385112996
01116548765405405212896
01116548765405405212896
01116548765405405113097
01116548765405405113097
01146548865405405013198
01146548865405405013198
01156548965405415012893
01156548965405415012893
01106548765405415212996
01106548765405415212996
01116548865405415212894
01116548865405415212894
01126548665405404913397
01126548665405404913397
01126548665405404913298
01126548665405404913298
01126548665405415113395
01126548665405415113395
01126548765405425113298
01126548765405425113298
01126548565405405013696
01126548565405405013696
01116548765405404913298
01116548765405404913298
01116548665405404913295
01116548665405404913295
01106548665405405013097
01106548665405405013097
01106548565405394913296
01106548565405394913296
01126548665405394813296
01126548665405394813296
01116548665405405013497
01116548665405405013497
01116548665405395013598
01116548665405395013598
01126548665405394913498
01126548665405394913498
01136548765405384713398
01136548765405384713398
01136548665405394813397
01136548665405394813397
01116548665405395013195
01116548665405395013195
01076548565405415112791
01076548565405415112791
01016548465405374712391
01016548465405374712391
0986548365405374712187
0986548365405374712187
0926548265405364412186
0926548265405364412186
0916548265405364411483
0916548265405364411483
0926548365405384412385
0926548365405384412385
0916548365405374411382
0916548365405374411382
0906548265405364312085
0906548265405364312085
0916548265405354211383
0916548265405354211383
0926548265405354111483
0926548265405354111483
0926548165405343911585
0926548165405343911585
0906547965405343911483
0906547965405343911483
0946548265405354112883
0946548265405354112883
0946548265405323912177
0946548265405323912177
01176549965405283315589
01176549965405283315589
01536551065405233414184
01536551065405233414184
0936548065405273222692
0936548065405273222692
0876547765405374330474
0876547765405374330474
0996548765405354627687
0996548765405354627687
0866547565405304521792
0866547565405304521792
0676545565405274217197
0676545565405274217197
0476544365405274117484
0476544365405274117484
0646546065405273624386
0646546065405273624386
0876547465405273219373
0876547465405273219373
0936547465405323712360
0936547465405323712360
0926547165405353812374
0926547165405353812374
0896546765405363811666
0896546765405363811666
0826546665405353710167
0826546665405353710167
075654436540540549561
075654436540540549561
06965424654051281479370
06965424654051281479370
0736543765405163184120107
0736543765405163184120107
0816545565405161188130116
0816545565405161188130116
0646544865405159183137110
0646544865405159183137110
0646543265405981245049
0646543265405981245049
068654276540563979370
068654276540563979370
0616541765405891089674
0616541765405891089674
029654146540573939680
029654146540573939680
06552465432654055164136122
06552465432654055164136122
06552565453654056374116132
06552565453654056374116132
065527654786540598113117143
065527654786540598113117143
0655336547765405140153124165
0655336547765405140153124165
046547565405156173132197
046547565405156173132197
010654896540516819296165
010654896540516819296165
01365483654051761996877
01365483654051761996877
01265509654051521637067
01265509654051521637067
06865526654052384246
06865526654052384246
09865529491565533422
09865529491565533422
084655185456553109
084655185456553109
081655265546553105
081655265546553105
09545866553104
09545866553104
010266176553102
010266176553102
0856553355655356553100
0856553355655356553100
0796552751655326553100
0796552751655326553100
0786552549655316553100
0786552549655316553100
0756552349655336553101
0756552349655336553101
0806552448655306553100
0806552448655306553100
0846552147655296553100
0846552147655296553100
0926552449655316553100
0926552449655316553100
0786551844655336553102
0786551844655336553102
03065498266553365531021
03065498266553365531021
01365489216553465531336
01365489216553465531336
0206547916165532233
0206547916165532233
03765475166553465531016
03765475166553465531016
0476548023365532022
0476548023365532022
0516547734565533022
0516547734565533022
0396545165505665534023
0396545165505665534023
0226542865446465532025
0226542865446465532025
012654236551051026
012654236551051026
0665422655082228638
0665422655082228638
0655256542165510126175149134
0655256542165510126175149134
065528654236550994127161143
065528654236550994127161143
010654286551257842670
010654286551257842670
02665427655126553265533230
02665427655126553265533230
03065428654386552965531014
03065428654386552965531014
0436544965405655286553109
0436544965405655286553109
0546546265405655286553107
0546546265405655286553107
0606546565405655286553206
0606546565405655286553206
0606546465405655286553305
0606546465405655286553305
0596546465405655286553206
0596546465405655286553206
0576546465405655286553107
0576546465405655286553107
0586546565405655296553109
0586546565405655296553109
06265466654056553265531012
06265466654056553265531012
0736547065405165531016
0736547065405165531016
0736546865405465531016
0736546865405465531016
05665461654056553265531011
05665461654056553265531011
05065462654056552965532011
05065462654056552965532011
0546546765405655286553308
0546546765405655286553308
05665467654056552965532011
05665467654056552965532011
06265467654056553265531015
06265467654056553265531015
0696546665405265531018
0696546665405265531018
0726546765405865531221
0726546765405865531221
0586546165405265531016
0586546165405265531016
05065464654056553265531018
05065464654056553265531018
05265464654056553265531021
05265464654056553265531021
06165469654056553565531021
06165469654056553565531021
05865466654056553465531017
05865466654056553465531017
05665467654056553565531024
05665467654056553565531024
0556546665405165531125
0556546665405165531125
0556546465405065531124
0556546465405065531124
0556546365405265531226
0556546365405265531226
0536546565405065531333
0536546565405065531333
0546546565405105535
0546546565405105535
05665466654051165533838
05665466654051165533838
062654666540537471950
062654666540537471950
0556546165405821253366
0556546165405821253366
04165452654051191455489
04165452654051191455489
05065452654051431632261
05065452654051431632261
0836548965405175181115338
0836548965405175181115338
0144994259286596650
0144994259286596650
01653165459276308638704
01653165459276308638704
018153101286320672728
018153101286320672728
01967065405285326658715
01967065405285326658715
01975665405263299746755
01975665405263299746755
018835102248299795765
018835102248299795765
018324138239297793725
018324138239297793725
017011123229285736682
017011123229285736682
01326552791238279607607
01326552791238279607607
01466553365530222268628615
01466553365530222268628615
01526553365405257302656644
01526553365405257302656644
01386551865405262302579584
01386551865405262302579584
01186551331247275517525
01186551331247275517525
01156551771209252448479
01156551771209252448479
01106551574198237353466
01106551574198237353466
0916549354148164140268
0916549354148164140268
0866549055144156148283
0866549055144156148283
0876549772187210310526
0876549772187210310526
0896550184199226444626
0896550184199226444626
0826549467209238211429
0826549467209238211429
0796549042156171155215
0796549042156171155215
0796549033112112112144
0796549033112112112144
0806548841124128107164
0806548841124128107164
0876548651124131101147
0876548651124131101147
0906548352116127100153
0906548352116127100153
090654845312714292163
090654845312714292163
081654844214916596198
081654844214916596198
0696547927174188107238
0696547927174188107238
0656547620185199110247
0656547620185199110247
0666547723185199105239
0666547723185199105239
0696547828179196104239
0696547828179196104239
0736548032176191101231
0736548032176191101231
078654833617218499221
078654833617218499221
079654833816918198215
079654833816918198215
080654843916417898206
080654843916417898206
083654864616217897194
083654864616217897194
0946549763166187106199
0946549763166187106199
01076550986175198124228
01076550986175198124228
0936548877163179130241
0936548877163179130241
0906548470168179148260
0906548470168179148260
0906548468169175160293
0906548468169175160293
0896548373175178163309
0896548373175178163309
0956548780177187168311
0956548780177187168311
0946548985174188167290
0946548985174188167290
0916548375157178171254
0916548375157178171254
0946548678163188208260
0946548678163188208260
0956548680167187194280
0956548680167187194280
0966548780157180136235
0966548780157180136235
01026549374140163134192
01026549374140163134192
0956548670121149123150
0956548670121149123150
0956548772122149128145
0956548772122149128145
0996549380127154142137
0996549380127154142137
01036549576120148145137
01036549576120148145137
0986549078121150138129
0986549078121150138129
0936548474118149136121
0936548474118149136121
0886547559114143128113
0886547559114143128113
0666546465481128139125101
0666546465481128139125101
0796548526148194295112
0796548526148194295112
01026550549134178222110
01026550549134178222110
01136551233117165169111
01136551233117165169111
01076550752119170127102
01076550752119170127102
01106551763103127136121
01106551763103127136121
010365515517889138123
010365515517889138123
010365515396183130106
010365515396183130106
091654851147639071
091654851147639071
0105654856551326272543
0105654856551326272543
0101654786540523231030
0101654786540523231030
03365454654053464612
03365454654053464612
065534655026540546933237
065534655026540546933237
011654906540528496656
011654906540528496656
065531654736540565531153441
065531654736540565531153441
0655176545865405655256910
0655176545865405655256910
065529655046540565525251
065529655046540565525251
0655162565405655253910
0655162565405655253910
065513186540565525655341513
065513186540565525655341513
0655131654056552602014
0655131654056552602014
065513655316540565535655332113
065513655316540565535655332113
065516465405211511
065516465405211511
06551365489654051524733
06551365489654051524733
0655136550765405906949
0655136550765405906949
06551365512654058655356348
06551365512654058655356348
06551365497654052106143
06551365497654052106143
065513654786540561662316
065513654786540561662316
06551306540571903824
06551306540571903824
065513654896540548623427
065513654896540548623427
065513654736540584963222
065513654736540584963222
0655136546665405871024224
0655136546665405871024224
065513655066540570824830
065513655066540570824830
065513655276540517124526
065513655276540517124526
065513106540565530655325431
065513106540565530655325431
065513126540565529655335930
065513126540565529655335930
065513146540565530655335629
065513146540565530655335629
065513126540565530655345630
065513126540565530655345630
065513136540565530655335732
065513136540565530655335732
065513126540565530655345632
065513126540565530655345632
065513136540565530655335432
065513136540565530655335432
065513156540565530655335531
065513156540565530655335531
065513166540565529655335532
065513166540565529655335532
065513176540565528655345130
065513176540565528655345130
065513166540565530655335031
065513166540565530655335031
065513176540565531655355840
065513176540565531655355840
065513176540565530655345337
065513176540565530655345337
065513176540565528655354127
065513176540565528655354127
065513206540565527655344428
065513206540565527655344428
065513206540565526655355135
065513206540565526655355135
065513166540565525655345134
065513166540565525655345134
065513136540565526655334726
065513136540565526655334726
06551326540565531655314724
06551326540565531655314724
065513655326540565530655315130
065513655326540565530655315130
06551326540565529655315234
06551326540565529655315234
06551365535654050655314235
06551365535654050655314235
06551365526654058655323138
06551365526654058655323138
065516655226540514655342131
065516655226540514655342131
06551665477654052411824
06551665477654052411824
065517654346540532112122
065517654346540532112122
065533654156540532203217
065533654156540532203217
065520654096540524173625
065520654096540524173625
06551365441654053137312
06551365441654053137312
06551365417654058997210
06551365417654058997210
06551965457654052036016
06551965457654052036016
0655136548165405071223
0655136548165405071223
06551365485654056553365531512
06551365485654056553365531512
0655136546465405655276553104
0655136546465405655276553104
0655136545365405655286553102
0655136545365405655286553102
0655146546065405655306553104
0655146546065405655306553104
0655136548265405655316553106
0655136548265405655316553106
0655166548065405655286553105
0655166548065405655286553105
0655156546765405655276553102
0655156546765405655276553102
0655176548065405655276553102
0655176548065405655276553102
0655206549165405655286553101
0655206549165405655286553101
0655246548865405655256553101
0655246548865405655256553101
0655266547665405655256553102
0655266547665405655256553102
0655306546265405655256553103
0655306546265405655256553103
0166545165405655256553102
0166545165405655256553102
0655296544665405655256553102
0655296544665405655256553102
0655156546565405655256553103
0655156546565405655256553103
0655166546065405655256553103
0655306544465405655256553102
0655306544465405655256553102
0655276544565405655256553102
0655276544565405655256553102
0655156546765405655256553102
0655156546765405655256553102
0655176546165405655256553103
0655176546165405655256553103
0655246544865405655256553102
0655246544865405655256553102
0655216545465405655256553102
0655216545465405655256553102
0655166546665405655256553103
0655166546665405655256553103
0655206545065405655256553103
0655206545065405655256553103
0655266544565405655256553102
0655266544565405655256553102
0655216545165405655256553102
0655216545165405655256553102
0655196545765405655256553103
0655196545765405655256553103
0655186545965405655256553103
0655186545965405655256553103
0655196546165405655256553103
0655196546165405655256553103
0655196545365405655256553105
0655196545365405655256553105
0655266544865405655256553105
0655266544865405655256553105
0655306544565405655256553104
0655306544565405655256553104
0655286545165405655266553102
0655286545165405655266553102
0655196546065405655306553103
0655196546065405655306553103
0655166545465405655316553104
0655166545465405655316553104
0655156545265405655316553104
0655156545265405655316553104
0655166545265405655296553103
0655166545265405655296553103
0655166544265405655296553103
0655166544265405655296553103
0655156543865405655316553105
0655156543865405655316553105
0655156543765405655336553108
0655156543765405655336553108
065518654336540550713
065518654336540550713
0655236543565405972821
0655236543565405972821
065521654316540555703727
065521654316540555703727
065522654426540560775234
065522654426540560775234
065530654396540515309554
065530654396540515309554
06553365423654059213411162
06553365423654059213411162
052654396540513818113987
052654396540513818113987
0816547965405184236164116
0816547965405184236164116
0896549465405204254170123
0896549465405204254170123
097655006540516624616198
097655006540516624616198
01046549565405128176180101
01046549565405128176180101
01066549465405120180185115
01066549465405120180185115
01036548965405106125192129
01036548965405106125192129
0756547165405144158212162
0756547165405144158212162
0736545265405114136163150
0736545265405114136163150
07265449654059112210082
07265449654059112210082
0706544965405981394755
0706544965405981394755
05565443654051141654857
05565443654051141654857
0446543265405871695853
0446543265405871695853
0426542965405661236747
0426542965405661236747
065520654566540549834431
065520654566540549834431
065518654456540531754725
065518654456540531754725
065516654866540534706744
065516654866540534706744
06551696540540836540
06551696540540836540
065520655296540522435935
065520655296540522435935
06551966540521436136
06551966540521436136
065518236540523516438
065518236540523516438
065519196540523556639
065519196540523556639
065519116540526596639
065519116540526596639
065519106540526576640
