01643565530655106552865471
048622233683057
048622233683057
047612133683057
047612133683057
048612132672956
048612132672956
048612233672855
048612233672855
048622233683056
048622233683056
047612132682956
047612132682956
048622132672956
048622132672956
048622233682955
048622233682955
048622233682957
048622233682957
047612133682956
047612133682956
048622132672957
048622132672957
048622133682955
048622133682955
048622133682957
048622133682957
047602133692956
047602133692956
048612132672856
048612132672856
048622233682855
048622233682855
049642232672855
049642232672855
053682332652756
053682332652756
060772533672759
060772533672759
064812634723061
064812634723061
063802223482244
063802223482244
056742065502655036553229
056742065502655036553229
053652665449654266550745
053652665449654266550745
048572465446654146550751
048572465446654146550751
047552465445654116550751
047552465445654116550751
054632265459654356550638
054632265459654356550638
064762065523655136550725
064762065523655136550725
057701565535655326552221
057701565535655326552221
06879237146552931
06879237146552931
06177176553265534655198
06177176553265534655198
065911865524655166552065527
065911865524655166552065527
061911865524655236553365534
061911865524655236553365534
069882365505655086551412
069882365505655086551412
09295276545965433655019
09295276545965433655019
088862465451654076549910
088862465451654076549910
086712165453654046549920
086712165453654046549920
084581665453654066550031
084581665453654066550031
079551565446654016550023
079551565446654016550023
077722465488654726550012
077722465488654726550012
07587286550265490655018
07587286550265490655018
062892265502654966550765527
062892265502654966550765527
0581002365505654936551165507
0581002365505654936551165507
0581062765505654986551365504
0581062765505654986551365504
056992565462654586550465521
056992565462654586550465521
068942465430653976549265529
068942465430653976549265529
07983236543965396654912
07983236543965396654912
07670186544165397654917
07670186544165397654917
074541165439653936549315
074541165439653936549315
073501065437653926549315
073501065437653926549315
06761156543665395654930
06761156543665395654930
064751865473654666549365531
064751865473654666549365531
063811865493654886549365532
063811865493654886549365532
06379206550065497654949
06379206550065497654949
070892865517655136549631
070892865517655136549631
065872665532655286549940
065872665532655286549940
063872565533655346549736
063872565533655346549736
057802165524655246549429
057802165524655246549429
053722065516655026549129
053722065516655026549129
056682265464654046548920
056682265464654046548920
064652565466653896548925
064652565466653896548925
066562265470653866548930
066562265470653866548930
045401665484654106548928
045401665484654106548928
04243130655176549435
04243130655176549435
0475312386550028
0475312386550028
039611765530655316549815
039611765530655316549815
03558166552465523654955
03558166552465523654955
03254665515655146549465529
03254665515655146549465529
03059765510655056549365524
03059765510655056549365524
04467665508655016549365523
04467665508655016549365523
04463765514655126549165528
04463765514655126549165528
035541065532655336549530
035541065532655336549530
050662115196549960
050662115196549960
0639022626549539
0639022626549539
08610728826549436
08610728826549436
08310027936549437
08310027936549437
07910027606549537
07910027606549537
067862410106549644
067862410106549644
06787258106549634
06787258106549634
0467015166549965531
0467015166549965531
02236116206550965523
02236116206550965523
020321211376550711
020321211376550711
02031965531655066549565532
02031965531655066549565532
01528465511654686549165510
01118165493654576549065486
01118165493654576549065486
01417265488654536548865483
01417265488654536548865483
02027365498654616548865484
02027365498654616548865484
016655296552965484654476548865481
016655296552965484654476548865481
03010265486654456548865483
03010265486654456548865483
065519655096551065475654376548765470
065519655096551065475654376548765470
065453654316546265466654326548765455
065453654316546265466654326548765455
065497654436545365477654396548965464
065497654436545365477654396548965464
02176544365482654416548965466
02176544365482654416548965466
01706544165481654376548965465
01706544165481654376548965465
06655346544265475654316548765456
06655346544265475654316548765456
011655326544265474654316548865456
011655326544265474654316548865456
015655316544065472654296548865453
015655316544065472654296548865453
017655346544065471654296548765452
017655346544065471654296548765452
07655086544865467654286548865455
07655086544865467654286548865455
040655136552265480654346548965479
040655136552265480654346548965479
06824365486654386549065492
06824365486654386549065492
07636965488654376549065494
07636965488654376549065494
079401165488654386549165496
079401165488654386549165496
077421165488654386549165498
077421165488654386549165498
077431165487654376549165498
077431165487654376549165498
077441265488654376549065497
077441265488654376549065497
076441265488654376549165498
076441265488654376549165498
076441265488654376549165498
076441265488654376549165498
076441165487654376549165498
076441165487654376549165498
076441265488654376549065496
076441265488654376549065496
076451165489654386549165498
076451165489654386549165498
076441265489654386549165498
076441265489654386549165498
077451165488654386549165498
077451165488654386549165498
077451265489654396549165497
077451265489654396549165497
077451265489654396549165498
077451265489654396549165498
076451265489654396549165498
076451265489654396549165498
078451265488654386549065498
078451265488654386549065498
078461265490654396549165497
078461265490654396549165497
077451265489654396549165498
077451265489654396549165498
077441165489654396549165498
077441165489654396549165498
078461265489654386549165498
078461265489654386549165498
078461265490654406549165498
078461265490654406549165498
077461265490654406549165498
077461265490654406549165498
077451165490654406549165499
077451165490654406549165499
077451265489654396549065498
077451265489654396549065498
077451265490654406549165498
077451265490654406549165498
072411065490654406549165495
072411065490654406549165495
06535965491654416549065489
06535965491654416549065489
062341365492654426549065486
062341365492654426549065486
058372165495654456549065485
058372165495654456549065485
062383565496654466549065487
062383565496654466549065487
079465365500654466549065489
079465365500654466549065489
095646265504654506549065493
095646265504654506549065493
0102795865509654526549165500
0102795865509654526549165500
0102824065497654446549165505
0102824065497654446549165505
0101731365485654386549065492
0101731365485654386549065492
010467165481654346548965481
010467165481654346548965481
093616553565481654356549065482
093616553565481654356549065482
07655465484654386549065490
07655465484654386549065490
074642165492654426549165489
074642165492654426549165489
086694765503654486549065490
086694765503654486549065490
099736465505654486549165493
099736465505654486549165493
0102727065505654486549065496
0102727065505654486549065496
01361168565514654566549165504
01361168565514654566549165504
01581518165510654506549065506
01581518165510654506549065506
01992015865499654436549165494
01992015865499654436549165494
02382533865488654376549065482
02382533865488654376549065482
02392582665482654356549065477
02392582665482654356549065477
02252432765485654366549065478
02252432765485654366549065478
01581642465487654376549065485
01581642465487654376549065485
086841865487654386549065491
086841865487654386549065491
068572265491654406549165488
068572265491654406549165488
063452565493654426549065484
063452565493654426549065484
030131265489654416549065480
030131265489654416549065480
029181565489654416549065481
029181565489654416549065481
069673565495654436549065491
069673565495654436549065491
01181295265498654446549165498
01181295265498654446549165498
01572263965487654386549065484
01572263965487654386549065484
01712693465483654366549165479
01712693465483654366549165479
01672623165482654356549065478
01672623165482654356549065478
01391982665485654376549165480
01391982665485654376549165480
0871132265487654396549165489
0871132265487654396549165489
063692665492654416549165491
063692665492654416549165491
056512465493654426549065485
056512465493654426549065485
051392265492654436549065483
051392265492654436549065483
053492565493654436549165486
081864165496654436549165498
081864165496654436549165498
01091293565490654396549065491
01091293565490654396549065491
01271662965487654376549065484
01271662965487654376549065484
01412043265485654366549065482
01412043265485654366549065482
01582503565482654356549065479
01582503565482654356549065479
01642603665482654346549065478
01642603665482654346549065478
01462193065483654356549065480
01462193065483654356549065480
01021332365486654376549065486
01021332365486654376549065486
065732565488654386549165491
065732565488654386549165491
060512265490654396549065485
060512265490654396549065485
055381865488654396549065483
055381865488654396549065483
063482365490654406549065486
063482365490654406549065486
073623265492654406549165491
073623265492654406549165491
088884865496654426549165498
088884865496654426549165498
089934765494654416549265501
089934765494654416549265501
076823665489654376549065497
076823665489654376549065497
084934065490654396549165499
084934065490654396549165499
087974365492654406549165499
087974365492654406549165499
074842965486654366549065493
074842965486654366549065493
073853065485654366549065493
073853065485654366549065493
072832765483654346549065491
072832765483654346549065491
071832865484654356549065490
071832865484654356549065490
071822765483654356549065491
071822765483654356549065491
070822665483654356549065490
070822665483654356549065490
070832465482654346549065489
070832465482654346549065489
066772265482654356548965488
066772265482654356548965488
061702165481654346549065489
061702165481654346549065489
058682165482654346549065489
058682165482654346549065489
059692365481654336549065489
059692365481654336549065489
059682365482654356549065488
059682365482654356549065488
058682365482654346549065489
058682365482654346549065489
057672265482654346549065489
057672265482654346549065489
057672365482654336548965488
057672365482654336548965488
054662365482654346549065487
054662365482654346549065487
040482065481654336548965483
040482065481654336548965483
065509654856551765470654276548765468
065509654856551765470654276548765468
065441653956546165453654196548765452
065441653956546165453654196548765452
065421653696545065458654216548865449
065421653696545065458654216548865449
065415653636544865463654216548865447
065415653636544865463654216548865447
065404653616545565458654186548865446
065404653616545565458654186548865446
065392653816547865456654186548765446
065392653816547865456654186548765446
065390654096548465454654206548865446
065390654096548465454654206548865446
065390654146548765454654206548765446
065390654096548765453654206548765446
065390654096548765453654206548765446
065390654116549065455654206548665446
065390654116549065455654206548665446
065389654136549065454654216548765446
