00000000
00655350655350655351
00655350655350655351
006553565535655350655350
006553565535655350655350
0000065535655350
0000065535655350
00655350655350655350
00655350655350655350
06553565535655350000
06553565535655350000
0065534655356553565535655350
0065534655356553565535655350
0065535000655350
0065535000655350
006553500001
006553500001
065535655346553500655351
065535655346553500655351
00655356553465535000
00655356553465535000
0065535000655350
0065535000655350
006553500101
006553500101
006553500001
006553500001
01655356553565535000
01655356553565535000
0065535001655350
0065535001655350
00000101
00000101
0065535655350101
0065535655350101
0100655350655350
0100655350655350
0000016553565535
0000016553565535
00000001
00000001
006553465535655351655351
006553465535655351655351
00006553565535655350
00006553565535655350
000001655350
000001655350
006553500000
006553500000
00655356553565535000
00655356553565535000
000000655350
000000655350
000001655350
000001655350
006553500000
006553500000
0065535655350001
0065535655350001
000000655350
000000655350
00010100
00010100
00000101
00000101
01655356553565535100
01655356553565535100
000000655350
000000655350
006553500200
006553500200
006553501101
006553501101
00655356553565535100
00655356553565535100
0065535001655350
0065535001655350
006553500100
006553500100
0065535001655350
0065535001655350
016553565535655350655350
016553565535655350655350
000000655350
000000655350
006553500000
006553500000
0655356553500001
0655356553500001
01655356553565535000
01655356553565535000
000000655350
000000655350
0065535000655350
0065535000655350
0065534655350000
0065534655350000
000655356553565535655350
000655356553565535655350
0000016553565535
0000016553565535
006553500101
006553500101
0065535655350000
0065535655350000
01065535655350655350
