06505426064954650036528265334
00000010
00000010
00000000
00000000
0110655356553500
0110655356553500
01001010
01001010
00000011
00000011
00000010
00000010
011006553500
011006553500
00000010
00000010
00000011
00100011
00100011
001006553501
001006553501
0000655356553521
0000655356553521
00006553465534065534
00006553465534065534
000065533655346553565532
000065533655346553565532
011065533655336553165530
011065533655336553165530
001065532655336553165530
001065532655336553165530
0065518065520655236550265494
0065518065520655236550265494
0265516065492655006547365448
0265516065492655006547365448
0165533065489654976546965440
0165533065489654976546965440
0165532065488654976547065440
0165532065488654976547065440
0165529065488654976547065440
0165529065488654976547065440
0165524065502655096548165458
0165524065502655096548165458
06553513065528655296551065508
06553513065528655296551065508
0010065530655326552065519
0010065530655326552065519
0655358065532655336552565526
0655358065532655336552565526
0655358065529655326552365523
0655358065529655326552365523
0655358065526655296551165500
0655358065526655296551165500
0655356065528655306551265496
0655356065528655306551265496
0655356065529655316551465504
0655356065529655316551465504
007065531655326552465520
007065531655326552465520
0655356065531655336553465533
0655356065531655336553465533
06553560655336553434
06553560655336553434
0655356000913
0655356000913
007000815
007000815
0070655346553548
0070655346553548
0060655316553322
0060655316553322
065535606552965531065534
065535606552965531065534
00706552965531065535
00706552965531065535
00606553165533165535
00606553165533165535
06553560655316553221
06553560655316553221
0060655306553221
0060655306553221
0070655306553122
0070655306553122
0060655316553343
0060655316553343
0060655316553345
0060655316553345
0060655316553345
0060655316553345
0060655316553233
0060655316553233
0060655316553333
0060655316553333
06553550655316553333
06553550655316553333
06553560655306553233
06553560655306553233
0060655316553222
0060655316553333
0060655316553333
06553550655316553233
06553550655316553233
0060655296553232
0060655296553232
0060655316553222
0060655316553232
06553550655316553233
0060655306553233
0060655306553233
0060655316553222
0060655316553222
0060655316553344
0060655316553344
06553550655306553234
06553550655306553234
0060655296553233
0060655296553233
06553560655316553222
005065531655326553465532
005065531655326553465532
0655355065532655336552465522
0655356065534655346552065520
06553550216551865517
06553540226551765515
06553540226551765515
065535406553506550965505
0655355065533655346550465496
0655355065533655346550465496
005065533655346549965488
005065533655346549965488
0655354065532655346550065491
0655354065532655346550065491
0655355065531655346549565482
0655355065529655326549065473
0655355065529655326549065473
0655355065530655346549165478
0655355065530655346549165478
0655354065528655336548965472
0655354065528655336548965472
0655355065530655346549065477
0655355065530655346549065477
0655355065527655326548565467
0655355065527655326548565467
0655354065528655336548965469
0655354065527655326548765465
0655355065525655316548665462
0655355065524655296548465460
0655354065523655306548365456
0655354065523655306548365456
0655354065522655296548365457
0655354065522655296548365457
0655355065519655276548165455
0655355065519655276548165455
005065518655256547865453
005065518655256547865453
0655355065519655266548265456
0655355065519655266548265456
0655354065518655266548165456
0655354065518655266548165456
0655355065517655256548065456
0655355065517655256548065456
0655355065519655256548165456
0655354065517655266547965455
0655354065518655266548165456
0655354065518655266548165456
005065516655256547865454
005065516655256547865454
0655354065518655256548065454
004065518655266548065454
004065518655266548065454
0655354065518655266548265457
005065518655266548065453
005065518655266548065453
0655354065517655256547865454
0655355065524655296550365493
0655355065524655296550365493
0655355065532655336553365533
0655355065532655336553365533
0060655306553244
0060655316553344
0060655316553344
06553550655316553254
06553550655306553231
0060655286553010
0060655286553010
00606552965531165535
00606552965531165535
0050655296553020
065535506552965531065534
006065529655306553565534
00606553065532065534
0050655306553233
0050655306553233
06553560655316553255
06553560655316553255
0060655316553246
0060655316553246
06553550655316553243
06553550655316553243
0655355065526655296553365530
0655355065526655296553365530
0655356065520655256551565499
0655356065520655256551565499
006065520655246550565483
006065520655246550565483
0655355065523655276550965493
0655355065523655276550965493
0655354065523655276550665490
0655354065523655276550665490
0655356065522655276550665494
0655356065522655276550665494
0655356065522655266550865499
0655356065522655266550865499
0655355065524655266550965501
0655355065524655266550965501
0655355065523655266550365491
0655355065523655266550365491
0655355065522655256550365492
0655355065522655256550365492
0655355065521655246549865482
0655355065521655246549865482
005065519655236549465476
005065519655236549465476
0655354065519655226549365475
0655354065519655226549365475
0655356065518655226549165473
0655356065518655226549165473
0655355065519655226548865470
0655355065519655226548865470
0655355065518655226548765469
0655355065518655226548765469
0655354065517655216548365466
0655354065517655216548365466
005065516655216548365466
005065516655216548365466
0655355065517655216548365466
0655355065517655216548365466
0655354065517655216548565467
0655354065517655216548565467
0655354065518655226548865472
0655354065518655226548865472
005065517655226548865474
005065517655226548865474
005065518655216548665471
005065518655216548665471
0655355065516655206548565467
0655355065516655206548565467
0655354065516655196548565466
0655354065516655196548565466
0655356065515655186548665466
0655356065515655186548665466
005065517655206548865469
005065517655206548865469
0655354065516655206548865469
0655354065516655206548865469
0655355065517655216548965473
0655355065517655216548965473
005065518655216549365478
005065518655216549365478
0655355065521655256549565481
0655355065521655256549565481
0655354065521655246549565482
0655354065521655246549565482
0655355065520655246549165477
0655355065520655246549165477
0655355065520655246549765485
0655355065520655246549765485
0655355065526655296552365522
0655355065526655296552365522
0655355065529655316553065532
0655355065529655316553065532
0655356065530655326553265533
0655356065530655326553265533
006065530655316553265533
006065530655316553265533
0655355065529655326553265532
0655355065529655326553265532
0655355065529655316553265533
0655355065529655316553265533
006065528655316553365533
006065528655316553365533
006065529655306553265532
006065529655306553265532
0655355065530655316553365533
0655355065530655316553365533
0655355065530655326553465535
0655355065530655326553465535
06553550655306553201
06553550655306553201
065535506553065531655351
065535506553065531655351
0050655306553211
0050655306553211
06553550655306553101
06553550655306553101
0060655286553000
0060655286553000
0655355065529655306553465534
0655355065529655306553465534
005065529655306553565534
005065529655306553565534
0655355065529655306553465534
0655355065529655306553465534
006065527655296553365533
006065527655296553365533
0655356065528655296552965529
0655356065528655296552965529
0655355065528655306552965529
0655355065528655306552965529
0655355065528655306553065532
0655355065528655306553065532
0655356065527655306553165533
0655356065527655306553165533
006065529655306553265532
006065529655306553265532
005065529655306553365534
005065529655306553365534
0655355065529655306553365534
0655355065529655306553365534
006065528655306553365535
006065528655306553365535
006065529655306553365534
006065529655306553365534
0655355065529655306553465535
0655355065529655306553465535
0655355065528655306553465535
0655355065528655306553465535
006065528655296553365535
006065528655296553365535
006065529655316553465534
006065529655316553465534
0655355065528655306553465535
0655355065528655306553465535
0655356065528655306553465535
0655356065528655306553465535
006065528655296553265534
006065528655296553265534
005065529655306553165531
005065529655306553165531
0655355065529655316552965529
0655355065529655316552965529
0655355065528655316552865528
0655355065528655316552865528
0655356065529655306552565525
0655356065529655306552565525
0655355065529655316552365521
0655355065529655316552365521
005065529655306552365522
005065529655306552365522
0655356065528655306552265522
0655356065528655306552265522
0655355065525655276551665513
0655355065525655276551665513
0655355065519655246550165485
0655355065519655246550165485
0655354065520655256550165491
0655355065520655256549865487
0655355065520655256549865487
0655355065521655256548765472
0655355065521655256548765472
0655355065524655266548965472
0655355065524655266548965472
0655355065525655276549865481
0655355065525655276549865481
0655355065530655316552465519
0655355065530655316552465519
065535500655346552365524
065535500655346552365524
065535501655356552065519
065535501655356552065519
065534401655346551465513
065534401655346551465513
0655355065535655336551565513
0655355065535655336551565513
0655355065535655336551665513
0655355065535655336551665513
0655355065532655326551765515
0655355065532655326551765515
0655354065533655326551865518
0655354065533655326551865518
0655356065532655326551765517
0655356065532655326551765517
005065534655336551765516
005065534655336551765516
0655355065534655346551965517
0655355065534655346551965517
0655355065534655356552065518
0655355065534655356552065518
0655356065532655336552765528
0655356065532655336552765528
0655355000813
0655355000813
06553550541523
06553550541523
065535501182447
065535501182447
00601282652
00601282652
065535601391942
065535601391942
065535501281637
065535501281637
065535601281943
065535601281943
00601272146
00601272146
00501392346
00501392346
0655355013102448
0655355013102448
065535601392849
065535601392849
036552601382715
036552601382715
01716527807865177105
01716527807865177105
0261653250186207304189
0261653250186207304189
02406526338193221262146
02406526338193221262146
0237651560197222231164
0237651560197222231164
0230652020227245230163
0230652020227245230163
0188652510240257209140
0188652510240257209140
02106521401722081602
02106521401722081602
023065296015819010365467
023065296015819010365467
027365335018421719014
027365335018421719014
0327654050189210702714
0327654050189210702714
0368654860196219639623
0368654860196219639623
0335653920171210405420
0335653920171210405420
0334654030175212300310
0334654030175212300310
0356654770259286258229
0356654770259286258229
041260265302248231
041260265302248231
0445260267307215266
0445260267307215266
0453260266312248356
0453260266312248356
0455290269321288462
0455290269321288462
0458310269321406527
0458310269321406527
0456270265314489548
0456270265314489548
0450240263313520539
0449220263310561562
0449220263310561562
0447200259304568567
0447200259304568567
0446190258303565563
0446190258303565563
0444170257302565563
0444170257302565563
0443160256300563561
0443160256300563561
0443160253297561559
0443160253297561559
0442150253297560557
0442150253297560557
0441140253296560557
0441140253296560557
0440130252296559555
0440130252296559555
0440130251294558555
0440130251294558555
0440130251295558555
0440130251295558555
0439130251295558555
0439130251295558555
0439120251295558555
0439120251295558555
0439120251294557555
0439120251294557555
0439120251295556554
0439120251295556554
0437100250295554553
0437100250295554553
0436100250295553553
0436100250295553553
0437100251295551553
0437100251295551553
0437110251296551552
0437110251296551552
0437110252296551552
0437110252296551552
0437110251296551552
0437110251296551552
0438120251295550552
0438120251295550552
0438120252295550550
0438120252295550550
0438120252294550551
0438120252294550551
0440130252294550551
0440130252294550551
0440140253294549551
0440140253294549551
0441150254295550552
0441150254295550552
0440150255296550552
0440150255296550552
0441150253295550552
0441150253295550552
0441150254295550552
0441150254295550552
0441150255296551552
0441150255296551552
0440150255297551553
0440150255297551553
0442160255296550553
0442160255296550553
0442160254293543547
0442160254293543547
0442180253290537542
0442180253290537542
0442180252289534539
0442180252289534539
0442170248284528534
0442170248284528534
0441150247284524530
0441150247284524530
0441150248284526532
0441150248284526532
0441150248285528534
0441150248285528534
0442160248285529535
0442160248285529535
0442180250287530536
0442180250287530536
0442170250288531537
0442170250288531537
0442160251289537542
0442160251289537542
0442160250288538542
0442160250288538542
0441150249287536540
0441150249287536540
0440170248287541544
0440170248287541544
0440180250289547549
0440180250289547549
0442190250289545548
0442190250289545548
0442190251290543546
0442190251290543546
0442170251289544547
0442170251289544547
0443160250289546549
0443160250289546549
0444170250288548550
0444170250288548550
0444170251288549550
0444170251288549550
0443170251290550551
0443170251290550551
0432130250289477487
0432130250289477487
0403655020255293334334
0403655020255293334334
0405654930252278374398
0405654930252278374398
0431655160253269423453
0431655160253269423453
0429655070245261432462
0429655070245261432462
0425655000245262426448
0425655000245262426448
0425655000247263430450
0425655000247263430450
0427655080251268435456
0427655080251268435456
0433655220253275434456
0433655220253275434456
0437655320256282435457
0437655320256282435457
044140257286437462
044140257286437462
044240256286433459
044240256286433459
044230255285431459
044230255285431459
044240257279430452
044240257279430452
043920258265439457
043920258265439457
0403655030268292384397
0403655030268292384397
0412655090259293367375
0412655090259293367375
042850250284393418
042850250284393418
0421655280247284424450
0421655280247284424450
042310248287436455
042310248287436455
0424655340253292399402
0424655340253292399402
043160253296450457
043160253296450457
0426655340249292445454
0426655340249292445454
0417655260245286441448
0417655260245286441448
0411655160237278438442
0411655160237278438442
0406655070233272422432
0406655070233272422432
0397654980228266405426
0397654980228266405426
0393654910225261393408
0393654910225261393408
0393654900223257385401
0393654900223257385401
0392654900224258384398
0392654900224258384398
0391654900223258384399
0391654900223258384399
0392654900224259387403
0392654900224259387403
0393654910224258388406
0393654910224258388406
0395654930225260388408
0395654930225260388408
0392654920225259380402
0392654920225259380402
0397654970224261355383
0397654970224261355383
0381654860227267356359
0381654860227267356359
0419655220227264380383
0419655220227264380383
0447210253296464483
0447210253296464483
0451260264312504527
0451260264312504527
0448250270317504530
0448250270317504530
0447240270318500528
0447240270318500528
0447240269319510537
0447240269319510537
0450250266320528546
0450250266320528546
0450250266318528545
0450250266318528545
0449240261313513536
0449240261313513536
042540257305381405
042540257305381405
0381654870258304307283
0381654870258304307283
0416655310263302359377
0416655310263302359377
0440110264303442463
0440110264303442463
0426655120267289462483
0426655120267289462483
0436655100249256484511
0436655100249256484511
0429654990233244485508
0429654990233244485508
0427654910226238482506
0427654910226238482506
0428654900226238484507
0428654900226238484507
0430654880223236483507
0430654880223236483507
0431654880228238482506
0431654880228238482506
0430654900232241482507
0430654900232241482507
0436654950231240481507
0436654950231240481507
0441655010229240481507
0441655010229240481507
0436654890224236482507
0436654890224236482507
0433654820217232484509
0433654820217232484509
0423654800221237482507
0423654800221237482507
0423654850226239480505
0423654850226239480505
0439655140246255483505
0439655140246255483505
0446150277305474496
0446150277305474496
043780269309441456
043780269309441456
0386654870258298376384
0386654870258298376384
0387654790247280337334
0387654790247280337334
0413655220245278443456
0413655220245278443456
0408655130231273452463
0408655130231273452463
0406655120230274460472
0406655120230274460472
0406655120233278471479
0406655120233278471479
0405655120234279474480
0405655120234279474480
0411655160240282477484
0411655160240282477484
0413655210246292479487
0413655210246292479487
043060257310478493
043060257310478493
0441170263315530535
0441170263315530535
0442170263315538544
0442170263315538544
0442170265314537543
0442170265314537543
0442170264313536542
0442170264313536542
0440160263312534540
0440160263312534540
0441160261310534540
0441160261310534540
0440150261310532538
0440150261310532538
0440150261310532538
0440150261310532538
0438130260309530536
0438130260309530536
0438140258308530537
0438140258308530537
0438130259309532538
0438130259309532538
0438140260310532538
0438140260310532538
0438130259309531538
0438130259309531538
0438130258308530537
0438130258308530537
0436130258310528534
0436130258310528534
0434110256309526531
0434110256309526531
043070252306521525
043070252306521525
042730248302481488
042730248302481488
042510244293413429
042510244293413429
042610242286370413
042610242286370413
042820242285354455
042820242285354455
042940240284309445
042940240284309445
043050242287273417
043050242287273417
0412655280242287244367
0412655280242287244367
0416655280239260220288
0416655280239260220288
042780252258206239
042780252258206239
0460370272261187169
0460370272261187169
0422440320314176154
0422440320314176154
0376250387409174150
0376250387409174150
0359655110348398163141
0359655110348398163141
0367654980339415161138
0367654980339415161138
0377655000331393166142
0377655000331393166142
0408655160284337177156
0408655160284337177156
0420110264302242270
0420110264302242270
0428100252295297355
0428100252295297355
042990252297313385
042990252297313385
042780248296303402
042780248296303402
042970252296316422
042970252296316422
0432100257303419488
0432100257303419488
043080254297414488
043080254297414488
043060249291402481
043060249291402481
042960249291403483
042960249291403483
042850249291398480
042850249291398480
042630249290396480
042630249290396480
042630246288396481
042630246288396481
042630247288396480
042630247288396480
042520247288396480
042520247288396480
042410246287396479
042410246287396479
042420245286396479
042410245286396478
042410245286396478
042410245286398479
042410245286398479
042410245286398479
042410245286398479
042420245286396478
042420245286396478
042430246287396477
042430246287396477
042430246286395477
042430246286395477
042430245286393476
042430245286393476
042430245285389475
042430245285389475
042530246286387471
042530246286387471
0416655310244283318381
0416655310244283318381
0402655060237273447449
0402655060237273447449
0407655050237274449457
0407655050237274449457
0405655030236274447454
0405655030236274447454
0405655070234275444450
0405655070234275444450
0408655120232277443449
0408655120232277443449
0408655130232276442449
0408655130232276442449
0409655130234278442448
0409655130234278442448
0408655150239279443450
0408655150239279443450
0406655090243282446453
0406655090243282446453
0379654780239278373377
0379654780239278373377
0385654780245283338367
0385654780245283338367
0396654920243266347380
0396654920243266347380
0402654950240254357388
0402654950240254357388
0404654920240250366398
0404654920240250366398
0390654700230242360391
0390654700230242360391
0383654610227240372407
0383654610227240372407
0381654560222236370405
0381654560222236370405
0371654410216231369397
0371654410216231369397
0374654460217231369394
0374654460217231369394
0376654490217231376401
0376654490217231376401
0368654400212227382406
0368654400212227382406
0367654400211226388411
0367654400211226388411
0371654440211226395421
0371654440211226395421
0370654430212226399425
0370654430212226399425
0387654610224237398423
0387654610224237398423
0403654870237248400423
0403654870237248400423
0403654820234244402425
0403654820234244402425
0384654570219233402427
0384654570219233402427
0384654600218232394421
0384654600218232394421
0393654770235248349371
0393654770235248349371
0370654640247275363359
0370654640247275363359
0399655120241275443453
0399655120241275443453
0402655100232272437444
0402655100232272437444
0409655150226266439446
0409655150226266439446
0403655020224259439445
0403655020224259439445
0385654890215248399414
0385654890215248399414
0381654820205240308320
0381654820205240308320
0348654400206244237251
0348654400206244237251
0336654350209239208227
0336654350209239208227
0348654500211243247260
0348654500211243247260
0366654710215248277287
0366654710215248277287
0373654740217251280289
0373654740217251280289
0378654770216252284293
0378654770216252284293
0371654680213250278286
0371654680213250278286
0350654420205244256266
0350654420205244256266
0352654440196236259270
0352654440196236259270
0371654670201233289298
0371654670201233289298
0387654900205237311319
0387654900205237311319
0388654990208239318328
0388654990208239318328
0390655000209241317327
0390655000209241317327
0391654930210242306315
0391654930210242306315
0390654870209241297306
0390654870209241297306
0390654860210241293301
0390654860210241293301
0389654840210242291300
0389654840210242291300
0386654800210243281296
0386654800210243281296
0389654830209246275291
0389654830209246275291
0390654860210248273283
0390654860210248273283
0390654890210248275287
0390654890210248275287
0388654920212249279292
0388654920212249279292
0389654990216249284298
0389654990216249284298
0394655010217249289303
0394655010217249289303
0392654980216249298315
0392654980216249298315
0389654920213245311330
0389654920213245311330
0364654510199222312335
0364654510199222312335
0322654100167215304315
0322654100167215304315
0303654210217257265257
0303654210217257265257
0310654340221255242247
0310654340221255242247
0319654310220252239244
0319654310220252239244
0329654240220251240244
0329654240220251240244
0329654250220252240243
0329654250220252240243
0332654210220252239244
0332654210220252239244
0328654260220251238243
0328654260220251238243
0305654260223257239241
0305654260223257239241
0308653990183238273263
0308653990183238273263
0347654240171202287295
0347654240171202287295
0368654550207232286298
0368654550207232286298
0370654580215247275284
0370654580215247275284
0383654750217249285299
0383654750217249285299
0386654820216249289299
0382654800215246284294
0382654800215246284294
0373654700215246273281
0373654700215246273281
0376654740215247281290
0376654740215247281290
0380654770215247289298
0380654770215247289298
0384654810215246292301
0384654810215246292301
0385654820214246294304
0385654820214246294304
0379654750215246287295
0379654750215246287295
0377654710214247283291
0377654710214247283291
0374654700214246276285
0374654700214246276285
0369654670214245272280
0369654670214245272280
0370654690214246277285
0370654690214246277285
0367654630214246274282
0367654630214246274282
0370654650210247283291
0370654650210247283291
0381654770204240300309
0381654770204240300309
0384654850201234312323
0384654850201234312323
0380654850201237311323
0380654850201237311323
0380654850207244305315
0380654850207244305315
0381654820210246299309
0381654820210246299309
0381654790208245296305
0381654790208245296305
0382654780206244294304
0382654780206244294304
0381654780208245295303
0381654780208245295303
0381654810213248298307
0381654810213248298307
0380654770210248294303
0380654770210248294303
0382654780204242295304
0382654780204242295304
0382654770201233295302
0382654770201233295302
0383654780202231299306
0386654800204233304311
0386654800204233304311
0397654960210240318328
0397654960210240318328
0400655090216248364380
0400655090216248364380
0378654800211232307298
0378654800211232307298
0412655210220251168194
0412655210220251168194
0371654820230258184203
0371654820230258184203
0374654980319344182159
0374654980319344182159
0356654880353467155143
0356654880353467155143
0336654900328459143104
0336654900328459143104
0344654920304383143102
0344654920304383143102
0367654910286342147111
0367654910286342147111
0395655240250307142108
0395655240250307142108
041265517542250289138103
041265517542250289138103
04186549958525126713296
04186549958525126713296
03956545748924324712386
03956545748924324712386
0385654447223924312081
0385654447223924312081
03866543846422622510467
03866543846422622510467
0381654304502112138850
0381654304502112138850
0380654284472002047033
0380654284472002047033
0404654575171801755314
0404654575171801755314
041265470491173157555
041265470491173157555
040065463454174168618
040065463454174168618
0459116821691696421
0459116821691696421
0434226351581645517
0434226351581645517
0426705241511615413
0426705241511615413
0392202001655716
0392202001655716
03516547102791876834
03516547102791876834
0341654314202361625511
0341654314202361625511
0336654304161831513965522
0336654304161831513965522
0363654522011811524565526
0363654522011811524565526
0354654835741911585065533
0354654835741911585065533
035865523568230180432
035865523568230180432
0341655215782341765911
0341655215782341765911
0353655125782121766410
0353655125782121766410
0381655353831771677832
0381655353831771677832
04077001621689351
04077001621689351
047616701411728540
047616701411728540
048312501441878532
048312501441878532
04339901531909036
04339901531909036
04079201641966021
04079201641966021
0343655190197129365517
0343655190197129365517
04099101931332065529
04099101931332065529
044515101651006552065493
044515101651006552065493
0303400128996547465432
0303400128996547465432
01993301561916547165423
01993301561916547165423
0906547301411706547565420
0906547301411706547565420
01586541301531696547465421
01586541301531696547465421
03197801331806547265428
03197801331806547265428
0443160095926549365463
0443160095926549365463
05272290861124265531
05272290861124265531
04301680911506165535
04301680911506165535
04016552650761123865521
04016552650761123865521
0401655320461136168133
0401655320461136168133
0482410538235298321
0482410538235298321
0487340341409232288
0487340341409232288
0489590256314227277
0489590256314227277
0443150231267189208
0443150231267189208
042500233270196217
042500233270196217
043080241280244360
043080241280244360
0433100243277386461
0433100243277386461
0442130249281461509
0442130249281461509
0445160247281462509
0445160247281462509
0433655340232258407459
0433655340232258407459
043720231264427482
043720231264427482
043960231263439497
043960231263439497
043980236266434492
043980236266434492
0440130241271433493
0440130241271433493
0437110242272410483
0437110242272410483
043470240262353416
043470240262353416
043300229254385418
043300229254385418
0431655270224254405444
0431655270224254405444
0430655260222253410456
0430655260222253410456
0431655270220253419468
0431655270220253419468
0430655270220253419469
0430655270220253419469
0425655190219253397446
0425655190219253397446
0420655140219252365414
0420655140219252365414
0420655150221254366402
0420655150221254366402
0404655000221253333362
0362654670218251269289
0362654670218251269289
0389655050218251278308
0389655050218251278308
0395655040220243265291
0395655040220243265291
0358654710219246242247
0358654710219246242247
0410655160217249202226
0410655160217249202226
0422655290212238189258
0422655290212238189258
0411655250216242179202
0411655250216242179202
0408655060204229352360
0408655060204229352360
043265529089137488549
043265529089137488549
04639074121465537
04639074121465537
047948083134499566
047948083134499566
0494710100182510572
0494710100182510572
049878098183519579
049878098183519579
049980094169523584
049980094169523584
049879088156529590
049879088156529590
049776091165532591
049776091165532591
049980099171525587
049980099171525587
0501780102180525588
0501780102180525588
050177098174530592
050177098174530592
049367094171536594
049367094171536594
049071098171543601
049071098171543601
048860082134555616
048860082134555616
0480500125187553606
0480500125187553606
044030292387376361
044030292387376361
0472730568678183245
0472730568678183245
04641060608582202215
04641060608582202215
03521325135926212896
03521325135926212896
0311654734262472268640
0311654734262472268640
0306654544002392278538
0306654544002392278538
0301654463892482418840
0301654463892482418840
0310654613982342288941
0310654613982342288941
0307654513732342358436
0307654513732342358436
0299654423672182196921
0299654423672182196921
0314654383812362227534
0314654383812362227534
0297654132932462368241
0297654132932462368241
02856541402692589155
02856541402692589155
03226545302712689967
03226545302712689967
033065461025328310568
033065461025328310568
02886545802072228957
02886545802072228957
03506001741787249
03506001741787249
03966501971827151
03966501971827151
04248901991857756
04248901991857756
045110002051878259
045110002051878259
04919202201878256
04919202201878256
05178102391907551
05178102391907551
04898202331968058
04898202331968058
03982501951968057
03982501951968057
03026545002122168254
03026545002122168254
03226551701852048256
03226551701852048256
03126553001721987754
03126553001721987754
03136553401702027754
03136553401702027754
03076552601651977350
03076552601651977350
03196552101742007753
03196552101742007753
03226551401711977250
03226551401711977250
03106548601691806035
03106548601691806035
03016548701521855927
03016548701521855927
03256548601541755621
03256548601541755621
03266549201651665018
03266549201651665018
03326549201711635016
03326549201711635016
03927601481502711
03927601481502711
0311370115846549465477
0311370115846549465477
0245655110811056547465465
0245655110811056547465465
0107651940791226551165447
0107651940791226551165447
0124652630811183265480
0124652630811183265480
0172653000791032765487
0172653000791032765487
0155652550821011765485
0155652550821011765485
016265213098114665482
016265213098114665482
0183652540791234165510
0183652540791234165510
0259652980661056553065476
0259652980661056553065476
025965363065525655356545565430
025965363065525655356545565430
025865419065510655216545265423
025865419065510655216545265423
020965380065503655066545965417
020965380065503655066545965417
023065452065506655166545265426
023065452065506655166545265426
024365301065515655256545265433
024365301065515655256545265433
025065298065511655236545365418
025065298065511655236545365418
023265324065501655016545365416
023265324065501655016545365416
022365286065506655036545465416
022365286065506655036545465416
022465243065501654946545465417
022465243065501654946545465417
02266522106552096545465417
02266522106552096545465417
01456523511865510655306545265416
01456523511865510655306545265416
0229652177665487654896545265416
0229652177665487654896545265416
026765308065490654896545965418
026765308065490654896545965418
028565353065493654896545765418
028565353065493654896545765418
027065346065501654966545365418
027065346065501654966545365418
022565333071766548865458
022565333071766548865458
0169652770116152165496
0169652770116152165496
0176652860941241565496
0176652860941241565496
0286653590128150065462
0286653590128150065462
02866535601241556553465451
02866535601241556553465451
03356545903453354012
03356545903453354012
0380654380271292210118
0380654380271292210118
0309653420204258199123
0309653420204258199123
0301653360180250174116
0301653360180250174116
03016532126210279244160
03016532126210279244160
02416528265208287284219
02416528265208287284219
0143652250198271244169
0143652250198271244169
03365119011115514579
03365119011115514579
0436514209011065527104
0436514209011065527104
06665148081796548879
06665148081796548879
0124652170931136547265452
0124652170931136547265452
013265193067856551535
013265193067856551535
08865203029662210
08865203029662210
09765195033776546565457
09765195033776546565457
09665197065491654976545365446
09665197065491654976545365446
011265194065494655096545465469
011265194065494655096545465469
097651620691166545265420
097651620691166545265420
0926516606553556545265420
0926516606553556545265420
09565181031476545365434
09565181031476545365434
08465243065516655296545565445
08465243065516655296545565445
0101651950821256545265421
0101651950821256545265421
010465169065519655116545265417
010465169065519655116545265417
08365217065492654926545465430
08365217065492654926545465430
01165255065482654896548965488
01165255065482654896548965488
03865214065498654926549765484
03865214065498654926549765484
065651940696549665484
065651940696549665484
0596520802116549465477
0596520802116549465477
02765219072956550765497
02765219072956550765497
04365213015123565500
04365213015123565500
02665246065510654965465494
02665246065510654965465494
05865222059923165506
05865222059923165506
010665178087123265508
010665178087123265508
0165652170621116553265476
0165652170621116553265476
0146652110781146551765491
0146652110781146551765491
0125651920841146553365508
0125651920841146553365508
092651810761126552365478
092651810761126552365478
0105651980791146548265455
0105651980791146548265455
098652320811146550065453
098652320811146550065453
092652430821176548765445
092652430821176548765445
089652480841166548165442
089652480841166548165442
091652510791096549465448
091652510791096549465448
091652550801096549565448
091652550801096549565448
066652520781256545965422
066652520781256545965422
04665234025906545665416
04665234025906545665416
04365206065491654896547065416
04365206065491654896547065416
05765194065485654896552065431
05765194065485654896552065431
03565206065492654896547365419
03565206065492654896547365419
086524408466545365417
086524408466545365417
00652540551486545265416
00652540551486545265416
02652410541176545265416
02652410541176545265416
01565219065507655016545365416
01565219065507655016545365416
04065202065483654896546965420
04065202065483654896546965420
04065193065501655166545665419
04065193065501655166545665419
051651840541176546065432
051651840541176546065432
059651780661256546565439
059651780661256546565439
072651670661116548065451
072651670661116548065451
067651690691146548065449
067651690691146548065449
063651750711216548465450
063651750711216548465450
067651680701276548565453
067651680701276548565453
056651770641156549365451
056651770641156549365451
03865204024446546665436
03865204024446546665436
03865190038656545565419
03865190038656545565419
034651940711476545665422
034651940711476545665422
050651800651526545665429
050651800651526545665429
047651740721156547265439
047651740721156547265439
051651700651056548465449
051651700651056548465449
05665178041736548865475
05665178041736548865475
059651980611206547565466
059651980611206547565466
040652120541066547165453
040652120541066547165453
0655326526207126546165427
0655326526207126546165427
0465213078976545465417
0465213078976545465417
02565213074926545265416
02565213074926545265416
03465201077966545265416
03465201077966545265416
041651870771106545265416
041651870771106545265416
040651670731266545265416
040651670731266545265416
014651940561596545765433
014651940561596545765433
021651780421206545865450
021651780421206545865450
019651690461186546165458
019651690461186546165458
0276515906553306546265453
0276515906553306546265453
03165144565531186546465454
03165144565531186546465454
08651872365523655226545765443
08651872365523655226545765443
047651631098136545365424
047651631098136545365424
0636523314423306545265422
0636523314423306545265422
0196526623058806545265421
0196526623058806545265421
06553165288531655356545365438
06553165288531655356545365438
06553165191065516654996545565467
06553165191065516654996545565467
06553465235034666545965476
06553465235034666545965476
01165229065516655016546465477
01165229065516655016546465477
01165236018706546465471
01165236018706546465471
01165216065497654896547765475
01165216065497654896547765475
01065232065504654926547765482
01065232065504654926547765482
01165227065507654926547665488
01165227065507654926547665488
01365221035916547365488
01365221035916547365488
021652170501226548265501
021652170501226548265501
03165215011606547465483
03165215011606547465483
03965211065486654896546265454
03965211065486654896546265454
04265208065485654896546265449
04265208065485654896546265449
04465212065484654896546365451
04465212065484654896546365451
04465210065484654896546365458
04465210065484654896546365458
04465214065485654896546465456
04465214065485654896546465456
04165216065485654896546565457
04165216065485654896546565457
04165219065485654896546665458
04165219065485654896546665458
04465222065484654896546565458
04465222065484654896546565458
04465220065485654896546565457
04465220065485654896546565457
04465220065485654896546665457
04465220065485654896546665457
04365220065485654896546665456
04365220065485654896546665456
04465220065484654896546665455
04465220065484654896546665455
04365220065485654896546565454
04365220065485654896546565454
04265223065485654896546565455
04265223065485654896546565455
04165222065485654896546565455
04165222065485654896546565455
04265223065485654896546565455
04265223065485654896546565455
04265222065485654896546565455
