00000000
065535000100
065535000100
0655350065535100
0655350065535100
06553506553565535000
06553506553565535000
065535100000
065535100000
0655351655350001
0655351655350001
065535100000
065535100000
06553516553365535000
06553516553365535000
0655350655300100
0655350655300100
0006551565531002
0006551565531002
06553516551165529002
06553516551165529002
06553456552165531002
06553456552165531002
06553476552065532001
06553476552065532001
06553546551065528103
06553546551065528103
06553526550665527103
06553526550665527103
01865500655246553203
01865500655246553203
031265500655236552702
031265500655236552702
031465499655216552401
031465499655216552401
031365498655226552512
031365498655226552512
02665503655276552701
02665503655276552701
06553496551065533201
06553496551065533201
0655311226551865533402
0655311226551865533402
0655301466551965534501
0655301466551965534501
0655311486552065534401
0655311486552065534401
0655301506552165535500
0655301506552165535500
0655301516552065534401
0655301516552065534401
0655301526551965534101
0655301526551965534101
06553115465520655346553400
06553115465520655346553400
0655311546552165534000
0655311546552165534000
0655311556552065534000
0655311556552065534000
06553015565519655336553500
06553015565519655336553500
06553115665521655346553500
06553115665521655346553500
06553115665521655346553500
06553115665521655346553500
0655311566552065534001
0655311566552065534001
0655301576552065534201
0655301576552065534201
0655311586552165534200
0655311586552165534200
0655311576552165534200
0655311576552165534200
0655301356551965534100
0655301356551965534100
0655331265511655346553500
0655331265511655346553500
06553321655186553565533065535
06553321655186553565533065535
0655341265509655306553511
0655341265509655306553511
00565503655236553402
00565503655236553402
021065502655206553012
021065502655206553012
031265501655206552700
031265501655206552700
021265502655226553012
021265502655226553012
011265501655236553513
021265502655216553313
021265502655216553313
021265503655216552800
021265503655216552800
021265502655206552511
021265502655206552511
01965503655226552912
01965503655226552912
03106550365522013
03106550365522013
03106550365524514
03106550365524514
021165502655226553513
021165502655226553513
021165501655206553012
021165501655206553012
031365501655196552702
031365501655196552702
021165503655216553101
021165503655216553101
011065505655216553202
011065505655216553202
0655331965511655286553401
0655331965511655286553401
065532276551465531100
065532276551465531100
06553236655166552965535065533
06553236655166552965535065533
06553235655156552965535065534
06553235655156552965535065534
06553235655156552965535065533
06553235655156552965535065533
06553237655166552965534065534
06553237655166552965534065534
0655323765516655300065534
0655323765516655300065534
0655323765516655300065535
0655323765516655300065535
06553136655156552965535065534
06553136655156552965535065534
06553137655176552965533065533
06553137655176552965533065533
06553237655176553065534065533
06553237655176553065534065533
06553137655176552965534065534
06553137655176552965534065534
06553237655166552865533065533
06553237655166552865533065533
06553238655176552865531065532
06553238655176552865531065532
06553237655176552865530065531
06553237655176552865530065531
06553137655166552765529065531
06553137655166552765529065531
06553237655166552965533065534
06553237655166552965533065534
0655323465515655321065535
065534665515655236553401
065534665515655236553401
01965510655186552913
01965510655186552913
031265509655166552212
031265509655166552212
031565509655186552100
031565509655186552100
031665508655196552813
031665508655196552813
041765507655196553226
041765507655196553226
041765508655156552613
041765508655156552613
0319655086551065514065535
0319655086551065514065535
031865509655156552010
031865509655156552010
041665510655186552813
041665510655186552813
051565511655196553204
051565511655196553204
041765511655156552401
041765511655156552401
021165511655206552602
021165511655206552602
06553556552165529001
06553556552165529001
0076552665531000
0076552665531000
007655276553165532065534
007655276553165532065534
007655276553165533065535
007655276553165533065535
007655276553165532065535
007655276553165532065535
008655286553165531065535
008655286553165531065535
007655286553265533065535
007655286553265533065535
007655286553165532065535
007655286553165532065535
006655276553165532065535
006655276553165532065535
007655296553165531065535
007655296553165531065535
007655286553265532065535
007655286553265532065535
06553576552865532000
06553576552865532000
011265506655246552900
011265506655246552900
072165491655076551420
072165491655076551420
071765492655206552822
071765492655206552822
051965491655196552422
052365486655186552221
052365486655186552221
052465487655206552221
052465487655206552221
052265490655236553143
052265490655236553143
06206549065526466
06206549065526466
062465486655216553244
062465486655216553244
062665487655206552221
062665487655206552221
062465489655216552532
062465489655216552532
062265490655236553234
062265490655236553234
072465490655216553022
072465490655216553022
051665494655256552720
051665494655256552720
01106552165531032
01106552165531032
00665520655316553511
00665520655316553511
01465520655306553311
01465520655306553311
01565522655326553510
01565522655326553510
01565522655326553522
01565522655326553522
00565522655326553512
00565522655326553512
01665522655316553521
01665522655316553521
0166552365533011
0166552365533011
0056552265533123
0056552265533123
0156552265533322
0156552265533322
0166552365532222
0166552365532222
0166552365533412
0166552365533412
0166552365533423
0166552365533423
0156552365533514
0166552365533313
0166552365533313
0166552365534513
0166552365534513
0166552465533524
0166552465533524
0056552365533413
0056552365533413
0166552465533313
0166552465533313
0166552365534413
0166552365534413
0166552465534423
0166552465534423
0156552365533423
0156552365533423
0166552465533313
0166552465533313
0166552465534423
0166552465534423
0056552365533423
0056552365533423
0156552365532323
0156552365532323
0166552465533313
0166552465533313
0166552465533423
0166552465533423
0166552465533413
0166552465533413
0166552365532323
0166552365532323
0166552465534312
0166552465534312
0166552465534423
0166552465534423
0056552465533313
0056552465533313
0166552365532323
0166552365532323
0166552465534312
0166552465534312
0166552465534423
0166552465534423
0056552465533423
0056552465533423
0166552365533313
0166552565534412
0166552565534412
0166552465534423
0166552465534423
0056552465533423
0056552465533423
0166552465533423
0166552465533423
0166552465534513
0166552465534513
0166552465533524
0166552465533524
0056552465533523
0056552465533523
0166552465533313
0166552465533313
0166552565534523
0166552565534523
0166552465534524
0166552465534524
0156552465533514
0156552465533514
0166552465533313
0166552465533313
0176552565534513
0176552565534513
0166552465533523
0166552465533523
0056552365533423
0056552365533423
0166552565533413
0166552565533413
0166552465534413
0166552465534413
0166552465534424
0166552465534424
0156552365533423
0166552465533313
0166552465533313
0166552565534423
0166552565534423
0056552565534414
0156552365533313
0156552365533313
0166552565533312
0166552465534413
0166552465534413
0066552465534323
0066552465534323
0166552365533323
0166552365533323
0166552565534313
0166552565534313
0166552465533423
0166552465533423
0056552465533423
0056552465533423
0166552465532323
0166552465532323
0166552565534412
0166552565534412
0166552465534423
0166552465534423
0056552465534423
0056552465534423
0166552465533323
0166552465533323
0166552565534412
0166552565534412
0166552465534524
0166552465534524
0056552465533424
0056552465533424
0166552465533323
0166552465533323
0166552565534412
0166552565534412
0166552465534424
0166552465534424
0056552465534524
0056552465534524
0166552465533423
0166552465533423
0166552565534513
0166552565534513
0166552465534524
0166552465534524
0156552465534524
0156552465534524
0166552565533313
0166552565533313
0176552565534523
0176552565534523
0166552565533524
0166552565533524
0156552465533424
0156552465533424
0166552565533313
0166552565533313
0166552565534523
0166552565534523
0066552465534423
0066552465534423
0156552365533423
0156552365533423
0166552565534313
0166552565534313
0166552565534423
0166552565534423
0166552465534423
0166552465534423
0156552465533423
0156552465533423
0166552565534313
0166552565534313
0166552565534423
0166552565534423
0166552465534423
0166552465534423
0166552465533413
0166552465533413
0176552565534313
0176552565534313
0166552465534423
0166552465534423
0156552465533413
0156552465533413
0166552465533323
0166552465533323
0166552565534312
0166552565534312
0166552565533423
0166552565533423
0056552465533423
0056552465533423
0166552465532323
0166552465532323
0166552565534412
0166552565534412
0166552465534423
0166552465534423
0056552465534413
0056552465534413
0166552465533313
0166552465533313
0166552565534412
0166552565534412
0066552465534423
0066552465534423
0056552465533423
0056552465533423
0166552565533313
0166552565533313
0166552565534413
0166552565534413
0166552565534423
0166552565534423
0156552465533423
0156552465533423
0166552565533313
0166552565533313
0166552565534513
0166552565534513
0166552565534423
0166552565534423
0156552465534413
0156552465534413
0166552565534423
0166552565534423
0166552565534523
0166552565534523
0066552665534423
0066552665534423
01655356552065532413
01655356552065532413
03655336551765532313
03655336551765532313
03655336551665533323
03655336551665533323
0265533655160314
017655240313
017655240313
0021655310412
0021655310412
00106552765535523
00106552765535523
0096552665535423
0096552665535423
0086552665534423
0086552665534423
00106552765535412
00106552765535412
00216552665532522
00216552665532522
00965514655166553024
00965514655166553024
011765512654966551022
011765512654966551022
031965516655046551722
031965516655046551722
082165515655126552426
082165515655126552426
0102365515655146552027
0102365515655146552027
01427655156551565520110
01427655156551565520110
0152965514655096551419
0152965514655096551419
0152965513655086551319
0152965513655086551319
0132965512655066551427
0132965512655066551427
0132965511655026551624
0132965511655026551624
0122865511655046551502
0122865511655046551502
0112965510655026550902
0112965510655026550902
0102865509655026550902
0102865509655026550902
0112965509655026551212
0112965509655026551212
0132965510655036551725
0132965510655036551725
01531655106551165517211
01531655106551165517211
01631655116551565521113
01631655116551565521113
01831655126551165515012
01831655126551165515012
01831655126551665521112
01831655126551665521112
01630655116552065525111
01630655116552065525111
0152865510655186553027
0152865510655186553027
0142965509655136552826
0142965509655136552826
0132865509655136552824
0132865509655136552824
0132965508655126552825
0132965508655126552825
0132665506655126552815
0132665506655126552815
0112465509655146552814
05965514655256553323
05965514655256553323
0136552765533023
0136552765533023
01065526655316553523
01065526655316553523
02165528655326553522
02165528655326553522
0316552965533032
0306552965533023
0306552965533023
03065528655326553522
03065528655326553522
0316552965533022
0316552965533022
0306553065533022
0306553065533022
0206552965533032
0206552965533032
03065529655326553522
03065529655326553522
0306553065533022
0306553065533022
0306553065533023
0306553065533023
03655356553065533022
0406553065532023
0406553065532023
0306553065534022
0306553065534022
0306553065533033
0306553065533033
03655356553065533033
03655356553065533033
0406553065532022
0406553065532022
0306553165534022
0306553165534022
0306553065534023
03655356553065533123
03655356553065533123
0306553165533022
0306553165533022
0306553165534122
0306553165534122
0306553165534123
0306553165534123
03655356553065533123
03655356553065533123
0406553065533023
0406553065533023
0306553165534122
0306553165534122
0306553065534123
0306553065534123
03655356553065533123
03655356553065533123
0406553165533023
0406553165533023
0306553165534223
0306553165534223
03655356553165534123
03655356553165534123
03655356553065533123
03655356553065533123
0306553165534023
0306553165534133
0306553165534133
03655356553165534123
03655356553165534123
03655356553065533123
03655356553065533123
0306553165534022
0306553165534022
0306553165534123
0306553165534123
03655356553165534123
03655356553165534123
0406553065533023
0406553065533023
0306553165534022
0306553165534133
0306553165534133
03655356553165534023
03655356553165534023
0306553065533022
0306553065533022
0306553165534022
0306553165534022
0306553165534023
0306553165534023
02655356553165534033
02655356553165534033
0306553165533023
0306553165533023
0306553165534122
0306553165534122
0306553165534033
0306553165534033
03655356553165534023
03655356553165534023
0406553165533022
0406553165533022
0306553165534122
0306553165534122
03655356553165534023
03655356553165534023
03655356553165533123
03655356553165533123
0306553165533023
0306553165533023
0306553165534122
0306553165534122
0306553165534133
0306553165534133
03655356553165533123
03655356553165533123
0306553265534023
0306553265534023
0306553165534122
0306553165534122
0306553265534233
0306553265534233
03655356553065534123
03655356553065534123
0306553265534023
0306553265534023
0306553265534223
0306553265534223
0306553165534133
0306553165534133
03655356553165534123
03655356553165534123
0306553265534123
0306553265534123
0306553165534123
0306553165534123
03655356553165534123
03655356553165533123
03655356553165533123
0306553265534022
0306553265534022
03655356553165534133
03655356553165534133
03655356553165534023
03655356553165534023
03655356553165533023
03655356553165533023
0306553265534022
0306553265534022
03655356553165534123
03655356553165534123
03655356553165533023
03655356553165533023
04655356553165533033
04655356553165533033
0306553165534022
0306553165534022
0306553165534023
0306553165534023
02655346553165534023
02655346553165534023
0406553165533023
0406553165533023
0306553265534022
0306553265534022
03655356553165534033
03655356553165534033
03655356553165534023
03655356553165534023
0306553165533023
0306553165533023
03655356553165534122
03655356553165534122
0306553165534133
0306553165534133
03655356553165534123
03655356553165534123
0406553265533023
0406553265533023
0306553165535122
0306553165535122
03655356553265534123
03655356553265534123
03655356553165534123
03655356553165534123
0406553265534023
0406553265534023
03655356553265534222
03655356553265534222
03655356553265534223
03655356553265534223
03655356553165534123
03655356553165534123
0306553165534023
0306553165534023
0306553265534223
0306553265534223
03655356553265534123
03655356553265534123
03655356553165534123
03655356553165534123
0306553265534023
0306553265534023
0306553265534123
0306553265534123
03655356553265534123
03655356553265534123
03655356553165534123
03655356553165534123
0306553265534022
0306553265534022
03655356553265534123
03655356553265534123
03655356553165534123
03655356553165534123
03655356553165533023
03655356553165533023
0306553265534022
0306553265534022
03655356553265534133
03655356553265534133
02655356553165534123
02655356553165534123
03655356553165533023
03655356553165533023
0306553265534022
0306553265534022
0306553265534133
03655356553165534123
03655356553165534123
0306553165533023
0306553165533023
0306553265535122
0306553265535122
0306553265534123
0306553265534123
02655356553165534123
02655356553165534123
0406553265533023
0406553265533023
0306553265534122
0306553265534122
03655356553265534123
03655356553265534123
03655356553165535133
03655356553165535133
0306553165534123
0306553165534123
0406553265534222
0406553265534222
0306553265534133
0306553265534133
03655356553165534123
03655356553165534123
0306553265534023
0306553265534023
0306553265535222
0306553265535222
0306553265534224
0306553265534224
02655356553165534123
02655356553165534123
0306553265534023
0306553265534023
0306553265534223
0306553265534223
03655356553265534223
03655356553265534223
03655356553165534123
03655356553165534123
0306553265534123
0306553265534123
03655356553265534123
03655356553265534123
03655356553265534123
03655356553265534123
03655356553165534023
03655356553165534023
0306553265534022
0306553265534022
03655356553265534123
03655356553265534123
02655356553265534123
02655356553265534123
03655356553165533022
03655356553165533022
03655356553265534022
03655356553265534022
0306553265534033
02655356553265534023
02655356553265534023
0306553165533023
0306553165533023
0306553265534022
0306553265534022
0306553265534123
0306553265534123
03655356553265534123
03655356553265534123
0306553165533023
03655356553265535122
03655356553265535122
0306553265534133
0306553265534133
02655356553265534123
02655356553265534123
0406553265534023
0406553265534023
0306553265535122
0306553265535122
03655356553265534123
03655356553265534123
03655356553265534123
03655356553265534123
0306553265534023
0306553265534023
03655356553265535122
03655356553265535122
03655356553265534223
03655356553265534223
03655356553165534123
03655356553165534123
0306553265534023
0306553265534023
0306553265535223
0306553265535223
03655356553265534123
03655356553265534123
03655356553165534123
03655356553165534123
0306553265534023
0306553265534023
0306553265534232
0306553265534232
03655356553265535223
03655356553165534123
03655356553165534123
0306553265534023
0306553265534023
0306553265534122
0306553265534122
03655356553265534123
03655356553265534123
03655356553165534123
03655356553165534123
03655356553265534022
03655356553265534022
03655356553265534133
03655356553265534133
03655356553265534133
03655356553265534133
03655356553165533123
03655356553165533123
0306553265534022
0306553265534022
03655356553265534123
03655356553265534123
02655356553265534022
02655356553265534022
03655356553165533023
03655356553165533023
03655356553265534022
03655356553265534022
03655356553265534023
03655356553265534023
02655356553265534123
02655356553265534123
03655356553165533023
03655356553165533023
03655356553265534122
03655356553265534122
03655356553265534123
03655356553265534123
02655356553265534123
02655356553265534123
0306553165533023
0306553165533023
0306553265534122
0306553265534122
03655356553265534133
03655356553265534133
03655356553265534123
03655356553265534123
0306553265533023
0306553265533023
0306553265534222
0306553265534222
03655356553265534223
03655356553265534223
03655346553165535123
03655346553165535123
0306553265534023
0306553265534023
03655356553265534223
03655356553265534223
03655356553265534223
03655356553265534223
03655346553165534123
03655346553165534123
0406553265534023
0406553265534023
0306553265535222
0306553265535222
0306553265534233
0306553265534233
03655356553165534123
03655356553165534123
0406553265534023
0406553265534023
04655356553265534232
04655356553265534232
03655356553265534123
03655356553265534123
03655356553165534123
03655356553165534123
0306553265534122
0306553265534122
03655356553265534133
03655356553265534133
03655356553265534133
03655356553265534133
03655356553165533123
03655356553165533123
03655356553365534122
03655356553365534122
03655356553265534123
03655356553265534123
02655356553265534123
02655356553265534123
03655356553165533023
03655356553165533023
03655356553265535022
03655356553265534123
03655356553265534123
02655356553165534123
02655356553165534123
0406553165533023
0406553165533023
0306553265534122
0306553265534122
0306553265534133
0306553265534133
02655356553265534123
02655356553265534123
0306553265533023
0306553265533023
03655356553265534122
03655356553265534122
03655356553265534133
03655356553265534133
03655356553165534123
03655356553165534123
0306553265534023
0306553265534023
03655356553265534122
03655356553265534122
03655356553265534123
03655356553265534123
03655346553165534122
03655346553165534122
0306553265534022
0306553265534022
0306553265534122
0306553265534122
03655356553265533022
03655356553265533022
03655356553165533022
03655356553165533022
03065532655346553522
03065532655346553522
0306553265534022
0306553265534022
03655356553265534022
03655356553265534022
03655356553165533022
03655356553165533022
036553565532655336553522
036553565532655336553522
0306553265534122
0306553265534122
03655356553265534022
03655356553265534022
03655356553165533022
03655356553165533022
0306553265534022
0306553265534022
03655356553365534032
03655356553365534032
03655356553265534022
03655356553265534022
03655356553165533022
03655356553165533022
03065532655346553522
03065532655346553522
03655356553265534022
03655356553265534022
02655356553265534022
02655356553265534022
036553565531655336553522
036553565531655336553522
03065532655346553522
03065532655346553522
03655356553265534022
03655356553265534022
026553565532655346553522
026553565532655346553522
03065531655336553522
03065531655336553522
03655356553265534021
03655356553265534021
03655356553265534022
03655356553265534022
02655346553265534022
02655346553265534022
03065532655336553522
03655356553265534021
03655356553265534021
03655356553265534022
03655356553265534022
02655346553165533022
02655346553165533022
03065532655336553522
03065532655336553522
0306553265534021
03655356553265534022
03655356553265534022
03655346553165534022
03655346553165534022
03065532655336553522
03065532655336553522
0306553265534122
0306553265534122
0306553265534133
0306553265534133
03655356553165534123
03655356553165534123
0306553265534023
0306553265534023
0306553265535223
0306553265535223
03655356553265534123
03655356553265534123
03655356553165534123
03655356553165534123
0306553265534123
0306553265534123
0306553365535223
0306553365535223
03655356553265535124
03655356553265535124
03655356553165534123
03655356553165534123
0306553365534123
0306553365534123
0306553265534233
0306553265534233
03655356553265534133
03655356553265534133
03655356553165534123
03655356553165534123
03655356553365534122
03655356553365534122
03655356553265534133
03655356553265534133
03655356553265535123
03655356553265535123
03655356553265534123
03655356553265534123
03655356553365534122
03655356553365534122
03655356553265534123
03655356553265534123
02655356553265534123
02655356553265534123
04655356553265533023
04655356553265533023
0306553265535122
0306553265535122
03655356553265534123
03655356553265534123
03655356553265534133
03655356553265534133
0306553265533023
0306553265533023
03655356553265534122
03655356553265534122
03655356553265534023
03655356553265534023
02655346553165534122
02655346553165534122
03065532655336553522
03065532655336553522
0306553265534122
0306553265534122
0306553265534022
0306553265534022
03655346553165533023
03655346553165533023
03065532655346553522
03065532655346553522
0306553265535122
0306553265535122
0306553265534123
0306553265534123
03655356553165534123
03655356553165534123
0306553265534022
0306553265534022
03655356553265534122
03655356553265534122
03655356553265534123
03655356553265534123
03655356553165534122
03655356553165534122
03655356553365534022
03655356553365534022
03655356553265534122
03655356553265534122
03655356553265534122
03655356553165533022
03655356553165533022
0306553265534022
0306553265534022
03655356553265534022
03655356553265534022
03655356553265533022
03655356553265533022
03655356553165533022
03655356553165533022
0306553365534022
0306553365534022
03655356553265534032
03655356553265534032
02655346553265534022
02655346553265534022
03655356553165533022
03655356553165533022
0306553265534021
0306553265534021
03655356553265534023
03655356553265534023
02655356553265534032
02655356553265534032
03655356553165533022
03655356553165533022
0306553265534021
0306553265534021
03655356553265534123
03655356553265534123
02655346553265534022
02655346553265534022
0306553165533023
0306553165533023
03655356553265535021
03655356553265535021
03655356553265534023
03655356553265534023
03655346553265534022
03655346553265534022
03065532655336553522
03065532655336553522
03655356553265534022
03655356553265534022
03655356553265534022
03655356553265534022
02655346553165534022
02655346553165534022
03065533655336553522
03065533655336553522
03655356553265534022
03655356553265534022
03655356553265534132
03655356553265534132
03655356553165534022
03655356553165534022
03065532655336553522
03065532655336553522
0306553265534122
0306553265534122
03655356553265534022
03655356553265534022
03655356553265534022
03655356553265534022
03065533655346553522
03065533655346553522
03655356553365534022
03655356553265534022
03655356553265534022
03655356553165533022
03655356553165533022
03065532655346553522
03065532655346553522
03655356553365534022
03655356553365534022
02655356553265533022
02655356553265533022
036553565531655336553522
036553565531655336553522
036553565532655346553522
036553565532655346553522
03655356553265533022
03655356553265533022
02655356553265534022
02655356553265534022
036553565531655336553522
036553565531655336553522
036553565532655336553521
036553565532655336553521
03655356553265534022
03655356553265534022
02655356553165534022
02655356553165534022
036553565531655326553522
036553565531655326553522
03655356553365534021
03655356553365534021
03655356553265534022
03655356553265534022
036553565531655336553522
036553565531655336553522
04065532655336553522
04065532655336553522
03655356553265534021
03655356553265534021
03655356553265534022
03655356553265534022
03655356553265534022
03655356553265534022
0306553265533022
0306553265533022
0306553265534121
0306553265534121
03655356553265534122
03655356553265534122
03655356553265534123
03655356553265534123
0306553265534022
0306553265534022
03655356553265535222
03655356553265535222
03655356553265534233
03655356553265534233
03655356553165534123
03655356553165534123
0306553265534022
0306553265534022
03655356553265535122
03655356553265535122
03655356553265534123
03655356553265534123
03655356553165534123
03655356553165534123
0306553265534023
0306553265534023
03655356553365534122
03655356553365534122
03655356553265534123
03655356553265534123
03655356553165534133
03655356553165534133
0306553365534022
0306553365534022
03655356553265534132
03655356553265534132
03655356553265534022
03655356553265534022
036553565531655336553522
036553565531655336553522
036553565532655346553521
036553565532655346553521
036553565532655336553121
0265535655316553165523265535
0265535655316553165523265535
0365535655306552965520265534
0365535655306552965520265534
0265534655316552865520065532
0265534655316552865520065532
0165534655316552865523165533
0165534655316552865523165533
0065533655306552865522065532
0065533655306552865522065532
0165531655276552765520065530
0165531655276552765520065530
0365527655156552665522065531
0365527655156552665522065531
0365528655166552465521165533
0365528655166552465521165533
0365528655156552465520165533
0365528655156552465520165533
0365528655166552765518165532
0365528655166552765518165532
0365528655196552765517065531
0365528655196552765517065531
0265528655186552565516165531
0265528655186552565516165531
0165527655176552465516165531
0165527655176552465516165531
0265528655196552465515165531
0265528655196552465515165531
0265528655196552565516065530
0265528655196552565516065530
0265528655166552565516165531
0265528655166552565516165531
0265528655176552465515065531
0265528655176552465515065531
0265529655186552365514165531
0265529655186552365514165531
0265529655196552365515065531
0265529655196552365515065531
0265529655186552465515165532
0265529655186552465515165532
0265528655186552365515165531
0265528655186552365515165531
0265529655196552365514165531
0265529655196552365514165531
0265529655186552465516065531
0265529655186552465516065531
0265529655196552465515065532
0265529655196552465515065532
0265528655186552465515065531
0265528655186552465515065531
0165529655216552665514065531
0165529655216552665514065531
0165528655196552565515165530
0165528655196552565515165530
0265528655196552665515165531
0265528655196552665515165531
0165528655216552665515165530
0165528655216552665515165530
0165528655216552765514165530
0165528655216552765514165530
0165528655206552865515165530
0165528655206552865515165530
0165528655206552765515165530
0165528655206552765515165530
0165528655206552765515165530
0165528655206552765515165530
0165528655226552865515065530
0165529655176552365515165531
0165529655176552365515165531
0265531655056550665508265531
0265531655056550665508265531
0665535655036550365508265532
0665535655036550365508265532
071655036550765512265531
071655036550765512265531
050655016550665513265532
050655016550665513265532
0465533655016550665513365531
0465533655016550665513365531
0565534655036550665513265531
0565534655036550665513265531
0365534655046550965513265531
0365534655046550965513265531
0265535655046550965514365532
0265535655046550965514365532
0265532655036551165514365532
0265532655036551165514365532
0265530655036551265513265532
0265530655036551265513265532
0265528655046552065514165531
0265528655046552065514165531
0265528655096552565514165532
0265528655096552565514165532
0165527655146552565514165533
0165527655146552565514165533
0365528655156552465513265533
0365528655156552465513265533
0265529655166552665515265532
0265529655166552665515265532
0265529655176552665514365533
0265529655176552665514365533
0265527655166552765514365532
0265527655166552765514365532
0265529655176552665513365532
0265529655176552665513365532
0365528655166552965519465532
0365528655166552965519465532
0365527655146553065523565533
0365527655146553065523565533
0265526655146552865520565534
0265526655146552865520565534
0365528655156552865519465533
0365528655156552865519465533
0265527655166553265521565533
0265527655166553265521565533
0265527655166553465521565534
0265526655156553365522565533
0265526655156553365522565533
0365528655176553565521565533
0365528655176553565521565533
0265527655176553565522565533
0265527655176553565522565533
0265527655166553565522665534
0265527655166553565522665534
0265527655166553565522665533
