0502655210578521341314
00001123
00001123
0655356553501033
0655356553501033
00000023
00000023
000006553512
000006553512
065535655350655346553513
065535655350655346553513
065534655340655336553503
065534655340655336553503
0655346553406553265534655352
0655346553406553265534655352
065534655330655336553401
065534655330655336553401
065533655330655336553412
065533655330655336553412
065533655320655326553412
065533655320655326553412
0655336553206553265533655352
0655336553206553265533655352
065532655320655246552902
065532655320655246552902
0655246552606547465481655311
0655246552606547465481655311
06550565507065457654806552565533
06550565507065457654806552565533
0655056551006553365532655331
0655056551006553365532655331
065515655130655306552805
065515655130655306552805
0655136551406553065528655333
0655136551406553065528655333
0655156551506552865527655323
0655156551506552865527655323
0655186551706552765525655322
0655186551706552765525655322
06552865526049655331
06552865526049655331
065535804033655352
065535804033655352
0141904637655323
0141904637655323
0182304945655260
0182304945655260
01722051506552265528
01722051506552265528
01419056526552265527
01419056526552265527
01521058526552265528
01521058526552265528
01722058526552165527
01722058526552165527
02025060536552365529
02025060536552365529
02127060536552565531
02127060536552565531
02328060526552665532
02328060526552665532
01822055496552565530
01822055496552565530
0655323035316552265527
0655323035316552265527
06549165502065522655306552065524
06549165502065522655306552065524
06549665507065461654676551965527
06549665507065461654676551965527
06547865477065468654796551965524
06547865477065468654796551965524
06547165474065460654736551665526
06547165474065460654736551665526
06548765485065446654606552665534
06548765485065446654606552665534
06549665502065449654636552765532
06549665502065449654636552765532
06549165505065452654606552565528
06549165505065452654606552565528
06548865502065449654526552465528
06548865502065449654526552465528
06548665500065447654516552365527
06548665500065447654516552365527
06548365499065439654436552165525
06548365499065439654436552165525
06548365498065441654486552065522
06548365498065441654486552065522
06548265498065445654526552265523
06548265498065445654526552265523
06548365499065454654626552465525
06548365499065454654626552465525
06548565501065466654746552465526
06548565501065466654746552465526
06548565500065472654806552565526
06548565500065472654806552565526
06548465499065473654826552465527
06548465499065473654826552465527
06548565499065473654836552465527
06548565499065473654836552465527
06549065502065475654836551965528
06549065502065475654836551965528
06547365494065475654836549165498
06547365494065475654836549165498
06535465412065479654856547765442
06535465412065479654856547765442
06535765427065480654856548565388
06535765427065480654856548565388
065342654432365533586546765397
065342654432365533586546765397
065269653754651732736542165400
065269653754651732736542165400
065239652949965157652716542465387
065239652949965157652716542465387
065178652362065027653026544565372
065178652362065027653026544565372
06511165180065065652706545565337
06511165180065065652706545565337
06510765176065044652436544865354
06510765176065044652436544865354
06510165170065023651856544765335
06510165170065023651856544765335
06509165162064971650816537265305
06509165162064971650816537265305
06509165154065011650956533765339
06509165154065011650956533765339
06507665156064976650196521865251
06507665156064976650196521865251
06508365141064918649676518265209
06508365141064918649676518265209
06511765280064942649886522665272
06511765280064942649886522665272
06505417064964650106528765334
06505417064964650106528765334
06505321064962650096528665333
06505321064962650096528665333
06505322064961650086527465320
06505322064961650086527465320
06505424064956650046527565320
06505424064956650046527565320
06505424064955650046527965323
06505424064955650046527965323
06505424064955650046528065326
06505424064955650046528065326
06505325064956650056528265330
06505325064956650056528265330
06505426064956650046528265335
06505426064956650046528265335
06505425064956650056528465337
06505425064956650056528465337
06505425064955650046528665340
06505425064955650046528665340
06505425064955650046528565339
06505425064955650046528565339
06505426064954650036528365337
06505426064954650036528365337
06505425064955650046528365334
06505425064955650046528365334
06505425064954650036528265334
06505425064954650036528265334
06505426064954650036528165332
06505426064954650036528165332
06505426064954650036528065333
