0292466551565510274127
006553500100
006553500100
000065535000
000065535000
000100065535
000100065535
006553500110
006553500110
006553500010
006553500010
000065535000
000065535000
0065535011065535
0065535011065535
00000111
00000111
0655356553500101
0655356553500101
000065535000
000065535000
010101065535
010101065535
00000110
00000110
006553500100
006553500100
010065535000
010065535000
00001100
00001100
00011210
00011210
006553501201
006553501201
01010100
01010100
00011200
006553511201
006553511201
006553500201
006553500201
00010100
00010100
000101065535
000101065535
00655350655326552700
00655350655326552700
002065530655266553565535
002065530655266553565535
03221465516655126553265531
03221465516655126553265531
0865527265507655196552865513
0865527265507655196552865513
0109654832265496366552765510
0109654832265496366552765510
06765490565511552365520
06765490565511552365520
0906547065533659914393
0906547065533659914393
0297651318380148128
0297651318380148128
04831631857138159161
04831631857138159161
05411952039155201202
05411952039155201202
05722072139657237187
05722072139657237187
05642031908258316207
05642031908258316207
057921520512198383239
057921520512198383239
0586213201127101423265
0586213201127101423265
0593214202130104418284
0593214202130104418284
0599214203137115458342
0599214203137115458342
0601191187156130522368
0601191187156130522368
0595169177174145589370
0595169177174145589370
0592161169184154628366
0592161169184154628366
0591164167187158663371
0591164167187158663371
0591172169196168697372
0591172169196168697372
0593178168195167732371
0593178168195167732371
0598188170200172738367
0598188170200172738367
0599194170202176738370
0599194170202176738370
0600202173205180757356
0600202173205180757356
0602211179212191833362
0602211179212191833362
0593203175210189827359
0593203175210189827359
0584194167204184824358
0584194167204184824358
0530138145185167777335
0530138145185167777335
047993121187175782301
047993121187175782301
046284108177166767306
046284108177166767306
046688109181173783303
046688109181173783303
046080103169159757312
046080103169159757312
046485105176166783301
046485105176166783301
046383104174164768309
046383104174164768309
046686108173163779309
046686108173163779309
044767101172164798290
044767101172164798290
03356550361114108634196
03356550361114108634196
029065467299253476222
029065467299253476222
027965459248824426220
027965459248824426220
02836545927908427202
02836545927908427202
02846546030916423192
02846546030916423192
02866546331897403189
02866546331897403189
030465482398365525348183
030465482398365525348183
031265498237965513248266
031265498237965513248266
02156542165525144147156235
02156542165525144147156235
02736547525134231596540
02736547525134231596540
034110110229166630530
034110110229166630530
039478207392355629479
039478207392355629479
03278111277254361300
03278111277254361300
03246553192169146442374
03246553192169146442374
02956550865118105407376
02956550865118105407376
029365501598484378376
029365501598484378376
031065511719180433377
031065511719180433377
029265496497679365323
029265496497679365323
0351191127998631485
0351191127998631485
03664511479100670506
03664511479100670506
0371511367790486429
0371511367790486429
027565502864191177222
027565502864191177222
02406547473594146144
02406547473594146144
0237654606665516106187111
0237654606665516106187111
0242654505565509111236128
0242654505565509111236128
0252654515265515118299144
0252654515265515118299144
0243654614665525177189106
0243654614665525177189106
024265480646551419514199
024265480646551419514199
025165498796550319612396
025165498796550319612396
0240654866765501191122102
0240654866765501191122102
0227654675765499171126101
0227654675765499171126101
0223654584865498154128102
0223654584865498154128102
0219654493665498144133114
0219654493665498144133114
023265442865494143193170
023265442865494143193170
0243654446551965494144235208
0243654446551965494144235208
025765460665496145228201
025765460665496145228201
0262654622165500148254204
0262654622165500148254204
0259654591965502148252197
0261654592065506149258196
0261654592065506149258196
0259654561765507148252191
0259654561765507148252191
0260654561765508147258192
0260654561765508147258192
0260654551565509144269203
0260654551565509144269203
0259654531165513142335293
0259654531165513142335293
0260654571765516157348362
0260654571765516157348362
0267654632565522157350402
0267654632565522157350402
0258654631565518156221237
0258654631565518156221237
022465435765508155189132
022465435765508155189132
0229654483365514165172123
0229654483365514165172123
0267654916965506191178152
0267654916965506191178152
0291655094965503187190170
0291655094965503187190170
0276654991965499172166147
0276654991965499172166147
0266654922265522170148132
0266654922265522170148132
0264654871165524157154138
0264654871165524157154138
026265485865521154154137
026265485865521154154137
026465489365525147151134
026465489365525147151134
027565494665527146169152
027565494665527146169152
027065493265530136148134
027065493265530136148134
026165485655329122139124
026165485655329122139124
0246654666552017119152127
0246654666552017119152127
0219654276549765532125189141
0219654276549765532125189141
0211654116549165526123227163
0211654116549165526123227163
0212654116550065518137232167
0212654116550065518137232167
02186541965527200229241181
02186541965527200229241181
0227654314176214267189
0227654314176214267189
02006539465508129135248163
02006539465508129135248163
01956538665514135129262170
01956538665514135129262170
01856540665473134161290158
01856540665473134161290158
01916541665486126119281175
01916541665486126119281175
01776535465456130135254150
01776535465456130135254150
01766533465418131143265160
01766533465418131143265160
01786532065427138140289161
01786532065427138140289161
01686531065446140140249173
01686531065446140140249173
01626532565455139162245174
01626532565455139162245174
01616533965467144145252181
01616533965467144145252181
01596534365466140160253177
01596534365466140160253177
01596533765466140149250181
01596533765466140149250181
01586533765464137158253180
01586533765464137158253180
01576534265469141148255182
01576534265469141148255182
01556534165467136152250179
01556534165467136152250179
01616533965468137144252178
01616533965468137144252178
01896538465492141153253178
01896538465492141153253178
01936539465498144151254182
01936539465498144151254182
01716537565485144155243175
01716537565485144155243175
01656538965487143145243181
01656538965487143145243181
01606539665492148148240179
01606539665492148148240179
01596539965492144145241183
01596539965492144145241183
01606540465493146149241183
01606540465493146149241183
01836542265500151163247194
01836542265500151163247194
02596542965512182243280209
02596542965512182243280209
02766542765521271358321231
02766542765521271358321231
02786542644389502343256
02786542644389502343256
0322654501372513337273
0322654501372513337273
02816540365530288453329265
02816540365530288453329265
01976538765500304459321256
01976538765500304459321256
01776542665510285415301249
01776542665510285415301249
01936541665506301431319253
01936541665506301431319253
02036540365506326463346262
02036540365506326463346262
01926542265508222307319252
01926542265508222307319252
01886543365509181194254213
01886543365509181194254213
01546543765509148159234182
01546543765509148159234182
01256543865511145145234171
01256543865511145145234171
01166543565509136138231173
01166543565509136138231173
01086543165508135139233174
01086543165508135139233174
01056542865507134138234175
01056542865507134138234175
0946541865503136137226168
0946541865503136137226168
01056539365500134132201155
01056539365500134132201155
01146537465498131129195150
01146537465498131129195150
01126536065496129124187151
01126536065496129124187151
01136535565506139133185158
01136535565506139133185158
01086536265507136130182159
01086536265507136130182159
0115654142157153192169
0115654142157153192169
01496542918166159205181
01496542918166159205181
0161654060156149201177
0161654060156149201177
01756544348199185202184
01756544348199185202184
01806544043197184196182
01806544043197184196182
01826544342199186195184
01826544342199186195184
01866546363224210199191
01866546363224210199191
01846545957211199188184
01846545957211199188184
01826546563219205188184
01826546563219205188184
01796546267230215191183
01796546267230215191183
01736544147205190181173
01736544147205190181173
01666543944205190181172
01666543944205190181172
01536542433197184170162
01536542433197184170162
0129653917171158157145
0129653917171158157145
0956534665501142129169141
0956534665501142129169141
0756531365465123112151132
0756531365465123112151132
0496532265475132133169145
0496532265475132133169145
0176530665468118118142113
0176530665468118118142113
0226530865475139144151125
0226530865475139144151125
0326529265458113116151124
0326529265458113116151124
0376529065455124131141106
0376529065455124131141106
0316533565441139143150115
0316533565441139143150115
0356532665424133134172144
0356532665424133134172144
0946531565477144133154102
0946531565477144133154102
097653796549413312517195
097653796549413312517195
083653946551413713218369
083653946551413713218369
084653876549613012318257
084653876549613012318257
079653856550414213517650
079653856550414213517650
057653956549912112017151
057653956549912112017151
062653886549613112717448
062653886549613112717448
047653936549613212917049
047653936549613212917049
034653956549511812117749
034653956549511812117749
044653816549211812319458
044653816549211812319458
060653886549312112319481
060653886549312112319481
068654036549712612317682
068654036549712612317682
068654066549812812817775
068654066549812812817775
069654076549912212518374
069654076549912212518374
064653996549212812717670
064653996549212812717670
061654096549812412417467
061654096549812412417467
065654116549812212318574
065654116549812212318574
0776539965497125124198136
0776539965497125124198136
0696540165492118121205142
0696540165492118121205142
0686540565500127124219144
0686540565500127124219144
0686539165494128127215142
0686539165494128127215142
0726538665490126120203135
0726538665490126120203135
0766539365490125122206137
0766539365490125122206137
0776539565495127123217143
0776539565495127123217143
0816540565496124136224147
0816540565496124136224147
0836541665509133125244161
0836541665509133125244161
0816541365500129137237156
0816541365500129137237156
0806541465507134129249163
0806541465507134129249163
0816541565502130136245159
0816541565502130136245159
0806541365506134130253164
0806541365506134130253164
0806541265501130136244158
0806541265501130136244158
0776541065507136134253164
0776541065507136134253164
0716539665498133140238162
0716539665498133140238162
0706539165502137137243169
0706539165502137137243169
0706538765495134141235160
0706538765495134141235160
0726539665503137140243152
0726539665503137140243152
0746539765502138144242149
0746539765502138144242149
0736539565503140145245152
0736539565503140145245152
0746539765504141146244154
0746539765504141146244154
0726539665506142145232143
0726539665506142145232143
0736539465502138142213119
0736539465502138142213119
0776540065516121116215112
0776540065516121116215112
090654056552611811617488
090654056552611811617488
010465422712812716576
010465422712812716576
086654111713613317778
086654111713613317778
0656540623133131181111
0656540623133131181111
0576539723133129174124
0576539723133129174124
0576539231137130172127
0576539231137130172127
0596538638140130169122
0596538638140130169122
0876538532137129161117
0876538532137129161117
01906543223143135170140
01906543223143135170140
02336544031140133176151
02336544031140133176151
02476545153144127163149
02476545153144127163149
02726547054145131159148
02726547054145131159148
02736547262151134147149
02736547262151134147149
02816547457151135151152
02816547457151135151152
02926548247151137162156
02926548247151137162156
02866547648148136158153
02866547648148136158153
02826547451150134155147
02826547451150134155147
02716546857152134157145
02716546857152134157145
02706546657153134158147
02706546657153134158147
02696546355151132158146
02696546355151132158146
02656546158151134156142
02656546158151134156142
02566545263149134158143
02566545263149134158143
02446544163144131155138
02446544163144131155138
02426544060140128151138
02426544060140128151138
02426544159139128150137
02426544159139128150137
02406543958139129150138
02406543958139129150138
02406543959139129150139
02406543959139129150139
02406544058140127147138
02406544058140127147138
02406543958140128147138
02406543958140128147138
02406543958140128148140
02406543958140128148140
02416543956139128146139
02416543956139128146139
02626545348143127156143
02626545348143127156143
03466553330179146158164
03466553330179146158164
04169648255199196203
04169648255199196203
045613994291249289339
045613994291249289339
0432245210339301754820
0432245210339301754820
038346291352327824886
038346291352327824886
029465263338312899930
029465263338312899930
035436242325302793881
035436242325302793881
037842228318292882927
037842228318292882927
037749230320294798886
037749230320294798886
038986226320293861919
038986226320293861919
040476210311286853916
040476210311286853916
039166207310284851917
039166207310284851917
036857203310285896932
036857203310285896932
032826200309284857925
032826200309284857925
032720200309285895932
032720200309285895932
031865526198308283857926
031865526198308283857926
034917210313290880931
034917210313290880931
035221216319291866928
035221216319291866928
038638232328294869931
038638232328294869931
041347243339299875934
041347243339299875934
045466250348303904938
045466250348303904938
0632193255347304942941
0632193255347304942941
0658154257352306936941
0658154257352306936941
057576261362315956944
057576261362315956944
056391270364316955944
056391270364316955944
054280273365312957945
054280273365312957945
052597282368316955944
052597282368316955944
0518105281366318954944
0518105281366318954944
049557263354308950942
049557263354308950942
047353252344304913938
047353252344304913938
044844242335297889936
044844242335297889936
046145243337299877935
046145243337299877935
050158251346303937940
050158251346303937940
0687268253344305945941
0687268253344305945941
0539106241338298929939
0539106241338298929939
040138238332298881933
040138238332298881933
032311227319294809897
032311227319294809897
030365533204307286795881
030365533204307286795881
028965511165288263799883
028965511165288263799883
02796548389233184846910
02796548389233184846910
02396543421159134855877
02396543421159134855877
0233654225145126839864
0233654225145126839864
0227654210139121829854
0227654210139121829854
02156541365517129110627540
02156541365517129110627540
02126540965511125108189160
02126540965511125108189160
02086539765511119110180150
02086539765511119110180150
02136540065513118110174169
02136540065513118110174169
01966538765511112110191170
01966538765511112110191170
01886538865520116114204154
01886538865520116114204154
02106541365523127127211172
02106541365523127127211172
01476540365532133124199171
01476540365532133124199171
0546533765521123108198161
0546533765521123108198161
0626531065493118102200158
0626531065493118102200158
0556530165507122102194154
0556530165507122102194154
058653066546310591189147
058653066546310591189147
061653086547311798181140
061653086547311798181140
049652956546210591178123
049652956546210591178123
047652956546110693185135
047652956546110693185135
048652996546510992179124
048652996546510992179124
056653076546811998183127
056653076546811998183127
060653146545711296188133
060653146545711296188133
094653316547411698184128
094653316547411698184128
01836538665497128115186130
01836538665497128115186130
01756539165505128119186137
01756539165505128119186137
07165292654489485165118
07165292654489485165118
010365316654358795187137
010365316654358795187137
095652946540279137180126
095652946540279137180126
094652976540885154187131
094652976540885154187131
070652926540678120183128
070652926540678120183128
053652746540684112180128
053652746540684112180128
043652576539785106179124
043652576539785106179124
021652316538384107175124
021652316538384107175124
0206523465388100103155116
0206523465388100103155116
0416526065395103105159117
0416526065395103105159117
0136653566545410196176128
0136653566545410196176128
0115653486545511990176135
0115653486545511990176135
03365278654129598153114
03365278654129598153114
0226527365413105104152111
0226527365413105104152111
0346527865413102105162113
0346527865413102105162113
0626529065415102108163113
0626529065415102108163113
0776530065419103109169119
0776530065419103109169119
0856533065436111112164114
0856533065436111112164114
0150653696546110298164131
0150653696546110298164131
02366544319169167289213
02366544319169167289213
02536545118185181411291
02536545118185181411291
02536544913179188437302
02536544913179188437302
02546545213177175392282
02546545213177175392282
02806547833192202477329
02806547833192202477329
02826548033190201483340
02826548033190201483340
02816548039198223485333
02816548039198223485333
02766547736193218469329
02766547736193218469329
02826548145203258492339
02826548145203258492339
03046550345192263538392
03046550345192263538392
041775104247264849673
0338366233402621478
0338366233402621478
038642111308441897680
038642111308441897680
03056550544193257497380
03056550544193257497380
03126550858219238527363
0341565237362586446
0341565237362586446
03036549950210266559394
03036549950210266559394
02826548130193201445312
02826548130193201445312
02636546424187194409288
02636546424187194409288
02526545723186185323236
02526545723186185323236
01846538865496116119169142
01846538865496116119169142
0876532065454101101133100
0876532065454101101133100
0666531165444115129155118
0736530765436144179161129
0736530765436144179161129
072653046543312314512789
072653046543312314512789
081653056543013315712782
081653056543013315712782
094653076543114215813484
094653076543114215813484
0104653096543214522014784
0104653096543214522014784
0159653376544713020713387
0159653376544713020713387
0208653536545711321313791
0208653536545711321313791
0240653646546112027014390
0240653646546112027014390
024965366654628719314490
024965366654628719314490
0277654066549312120313689
0277654066549312120313689
036465528123124198137108
036465528123124198137108
038027191139251181143
038032192134212180143
038032192134212180143
037239200152298232187
037047213176306248204
037047213176306248204
038162233149343256205
038162233149343256205
04137819157192200151
0369655261273397158117
0369655261273397158117
0355654971332293147106
0357655011332192143101
0357655011332192143101
035265510141090142104
035265510141090142104
0363151742144181141
0363151742144181141
03551416512178197154
035319196102277231176
037346240147343273212
041191286168403304242
038048241129317284219
032265517162132260252185
032265517162132260252185
03365205144295270204
0428108304182420321254
0428108304182420321254
0444128325194460330264
030565506141147268265201
02486545183122192225166
02486545183122192225166
040784277193446343274
040784277193446343274
039160245180391327259
039160245180391327259
02306543252132169224161
02306543252132169224161
035116212147376320245
035116212147376320245
042493289158449348274
042493289158449348274
034717214141332317235
034717214141332317235
032265529183156349300226
032265529183156349300226
032265529181152334308227
032265529181152334308227
032065528184158351301227
032065528184158351301227
031865526179145328300223
031865526179145328300223
030465508151150314289221
030465508151150314289221
031765518156158354297225
031765518156158354297225
031565521166175391302228
031565521166175391302228
031065514150165349307227
031065514150165349307227
030565509141174373313232
029265492111150300301214
029265492111150300301214
02806547286133258249174
02806547286133258249174
02936547874107205224154
02936547874107205224154
03286550016103220188129
03286550016103220188129
034265464654459924914899
034265464654459924914899
0347654626544710021614193
0347654626544710021614193
0351654626544810219714294
0351654626544810219714294
0358654696545010418914394
0358654696545010418914394
0362654766545410418514292
0362654766545410418514292
0368654836546210718414191
0368654836546210718414191
0370654856546710718214190
0370654856546710718214190
0369654856548110017414089
0369654856548110017414089
0375654876549610417413988
0375654876549610417413988
0378654886549710317213987
0378654886549710317213987
0378654966549810517113988
0378654966549810517113988
0379655036551110117114391
0379655036551110117114391
038165506655199916614494
038165506655199916614494
039065516655179916514794
039065516655179916514794
0396655266551010117014694
0396655266551010117014694
040626551710117114693
040626551710117114693
0426226553410117414190
0426226553410117414190
041516910217514087
041516910217514087
042929310117814089
042929310117814089
0443411110217814290
0443411110217814290
044039210118114089
044039210118114089
0438376553410318114189
0438376553410318114189
0434336552410218214089
0434336552410218214089
0428276551710318314190
0428276551710318314190
0428286551410218413888
0428286551410218413888
0423226550710318014088
0423226550710318014088
0452476553510218014291
0452476553510218014291
046054710418314493
046054710418314493
0463581410418214292
0463581410418214292
0473672110318414593
0473672110318414593
0472651910318414594
0472651910318414594
0470631810318514594
0470631810318514594
0455502510118314493
0455502510118314493
0412107910117014897
0412107910117014897
038016177137206197163
038016177137206197163
041480265203316304257
041480265203316304257
042397304225415329273
042397304225415329273
041689286209364326267
041689286209364326267
041791293216386325266
041791293216386325266
042092281201326318259
042092281201326318259
041790283205342311252
041790283205342311252
041488276196323308247
041488276196323308247
040883277201371306243
040883277201371306243
041186275194368303240
041186275194368303240
041390284202400303239
041390284202400303239
041996285199385307242
041996285199385307242
041187271201378307242
041187271201378307242
037652224193334306241
037652224193334306241
036640201197324305240
036640201197324305240
036034186193312306242
036034186193312306242
036030183195321307243
036030183195321307243
036131179191310306242
036131179191310306242
036336189195318306242
036336189195318306242
036031183193307305241
036031183193307305241
035729186188292303239
035729186188292303239
035831192181274297235
035831192181274297235
034620179177270292229
034620179177270292229
038049215175270292230
038049215175270292230
039059230175282292230
039059230175282292230
038354223175261292230
038354223175261292230
037646210178253292229
037646210178253292229
037342206176244292230
037342206176244292230
037443207179251294231
037443207179251294231
037545208179250292229
037545208179250292229
037444206176249290228
037444206176249290228
037443203172235289226
037443203172235289226
037747201167245282219
037747201167245282219
037851199154240266204
037851199154240266204
037144188150229261199
037144188150229261199
036637180141208255196
036637180141208255196
036840186149222260201
036840186149222260201
037042191154227267208
037042191154227267208
037145199161236270211
037145199161236270211
037045198156228266209
037045198156228266209
037043197159236272213
037043197159236272213
036945207168267282217
036945207168267282217
038358207164265282213
038358207164265282213
0651332364250502234158
0651332364250502234158
0959567487560758322296
0959567487560758322296
0962259693836887298238
0962259693836887298238
0953102704886871401420
0953102704886871401420
0445510685875845904893
0445510685875845904893
0309273674909893668668
0309273674909893668668
0313193698902888958937
0313193698902888958937
0319191698908893531542
0319191698908893531542
0327188699905890892876
0327188699905890892876
0314160700905889691692
0314160700905889691692
0276121700907891683686
0276121700907891683686
0271104700903888863851
0271104700903888863851
027999700906891597609
027999700906891597609
029588701904890843835
029588701904890843835
031167700905890687696
031167700905890687696
032558700905891745753
032558700905891745753
030055700903889898893
030055700903889898893
031432700906891633656
031432700906891633656
033531701905889921913
033531701905889921913
030526701905890725742
030526701905890725742
024320702906891808824
024320702906891808824
030512702905890893903
030512702905890893903
029720702905891773818
029720702905891773818
030713701904890947938
030713701904890947938
032015699902890852906
032015699902890852906
033328700899890945938
033328700899890945938
032829700901890929933
032829700901890929933
033027699903889848903
033027699903889848903
034434698895888957942
034434698895888957942
035039700902889898921
035039700902889898921
038848700906891865902
038848700906891865902
049865530702906891951939
049865530702906891951939
062924705905891818860
062924705905891818860
0532191705905890932929
0532191705905890932929
0655486705905889836857
0655486705905889836857
0485481706904889879890
0485481706904889879890
0419471706904889904908
0419471706904889904908
0384481706904889852874
0384481706904889852874
0376474705903888941932
0376474705903888941932
0367483706902887858886
0367483706902887858886
0371461706901888947938
0371461706901888947938
0357390705901886954941
0357390705901886954941
0343316706903888951940
0343316706903888951940
0332238705902887960944
0332238705902887960944
0665376707903887959943
0665376707903887959943
0966571708901887960945
0966571708901887960945
0728193709900885960944
0728193709900885960944
0606224708898883950939
0606224708898883950939
0657220709902886956941
0657220709902886956941
0581231708901886958942
0581231708901886958942
0580251708901884957942
0580251708901884957942
0588224708903887958943
0588224708903887958943
0884356708901885958943
0884356708901885958943
0956559692538730961946
0956559692538730961946
044283304143375634599
044283304143375634599
02606546788103170209161
02606546788103170209161
028365506221180434260228
028365506221180434260228
028365490124127170250182
028365490124127170250182
027865488181183430248212
027865488181183430248212
028965494150162220264201
028965494150162220264201
028665494192185398265219
028665494192185398265219
029865506191173252277218
029865506191173252277218
0686366580639765460409
0686366580639765460409
0628318493408634375339
0628318493408634375339
040091337299445311256
040091337299445311256
0795463628562805583591
0795463628562805583591
038161344212493314280
038161344212493314280
0623312528388630458445
0623312528388630458445
0451125369404697387336
0451125369404697387336
02656546040155190263206
02656546040155190263206
02586545747149184257216
02586545747149184257216
02716546839112142262209
02716546839112142262209
0252654216551212897176121
0252654216551212897176121
02386538865473848214462
02386538865473848214462
0321655116687122220167
0321655116687122220167
036130126116149123123
036130126116149123123
02186551342117809059
02186551342117809059
049654877653464939
049654877653464939
0305713250477357
0305713250477357
03396553514311126946
03396553514311126946
032465522137375234
032465522137375234
03296552313511114632
03296552313511114632
03346552513815133024
03346552513815133024
03406552714033332514
03406552714033332514
03466553214447482912
03466553214447482912
0348515311113117
0348515311113117
03508157893421
03508157893421
035211159683520
035211159683520
035413161893519
035413161893519
03551416210103621
03551416210103621
035612162483824
035612162483824
03692515328215538
03692515328215538
039447159203150131137
039447159203150131137
03913714687708869
03913714687708869
03753412910187644
03753412910187644
0355331325167749
0355331325167749
0348331294157748
0348331294157748
0343301244147749
0343301244147749
0342321194157748
0342321194157748
03412312865531117557
03412312865531117557
034451326553197665
034451326553197665
0350655351306552857667
0350655351306552857667
0355655351296552837564
0355655351296552837564
0357012847517356
0357012847517356
0352013161637850
0352013161637850
03316553114362674942
03316553114362674942
03236552914659692722
03236552914659692722
03296553214757652817
03296553214757652817
03326553414656663827
03326553414656663827
03306553314565714028
03306553314565714028
03346553414559664127
03346553414559664127
03386553514459664126
03386553514459664126
0341014460674528
0341014460674528
0340114462704529
0340114462704529
0342214462704630
0342214462704630
0342214463714629
0342214463714629
0341214559674729
0341214559674729
0341214558664629
0341214558664629
0344314555634629
0344314555634629
0347514662704728
0347514662704728
0348614761704829
0348614761704829
0349614761694829
0349614761694829
0351814761684929
0351814761684929
0352814861705029
0352814861705029
0352814860685130
0352814860685130
0353814858665029
0353814858665029
0354814855634929
0354814855634929
0354814756655028
0354814756655028
0354814755635129
0354814755635129
0354614553625129
0354614553625129
03773117255645131
03773117255645131
047511124864725843
047511124864725843
04114417560726135
04114417560726135
050813726973787751
050813726973787751
060720331561708861
060720331561708861
048711624566789866
048711624566789866
048411925367798557
048411925367798557
047512026175817350
047512026175817350
046111826292866450
046111826292866450
045612225695846457
045612225695846457
04531382461291057456
04531382461291057456
0459139252122986969
0459139252122986969
0469131259111906685
0469131259111906685
04841492791461145975
04841492791461145975
08044685294232474953
08044685294232474953
07183874522571365861
07183874522571365861
0521178298113806674
0521178298113806674
08635095412771526461
08635095412771526461
052517330168316987
052517330168316987
07724214772351156670
07724214772351156670
059824433797617596
059824433797617596
042378190527104135
042378190527104135
0424771824259104130
0424771824259104130
0418731786780111124
0418731786780111124
0414701826981115119
0414701826981115119
0414711857081118118
0414711857081118118
0413691846981120119
0413691846981120119
0414711846880120118
0414711846880120118
0415721876981119117
0415721876981119117
0416731886980118115
0416731886980118115
0417741886880118115
0417741886880118115
0419761906879118116
0419761906879118116
0420761906980118116
0420761906980118116
0419761916980118117
0419761916980118117
0420761916880118117
0420761916880118117
0422791926879117117
0422791926879117117
0425831937080116115
0425831937080116115
04229015011812610596
04229015011812610596
0611263378264348212145
0611263378264348212145
0964570704719787596597
0964570704719787596597
0968573710902888855894
0968573710902888855894
0930571708895884960945
0930571708895884960945
0712496707901887902898
0712496707901887902898
0456539706904889876878
0456539706904889876878
0373523704903888810764
0373523704903888810764
0355487704903889867720
0355487704903889867720
0346463704904888712645
0346463704904888712645
0364434704905890796658
0364434704905890796658
0365428704904889780658
0365428704904889780658
0354388704904890746654
0354388704904890746654
0375361704904889797661
0375361704904889797661
0396381704904890775661
0396381704904890775661
0420420704904890791666
0420420704904890791666
0434461704903889773658
0434461704903889773658
0423474704903889799669
0423474704903889799669
0426425704902889777667
0426425704902889777667
0430354704901888845701
0430354704901888845701
0446378704900887853723
0446378704900887853723
0460348705902888878768
0460348705902888878768
0508303705895885901811
0508303705895885901811
0551269705822886932863
0551269705822886932863
0539267705888882891809
0539267705888882891809
0531292705896884904822
0531292705896884904822
0547304705890878937874
0547304705890878937874
0564301706889878943903
0564301706889878943903
0569281707872877953933
0569281707872877953933
0572228707822863954936
0572228707822863954936
0559160708748878954935
0559160708748878954935
0534153707716868953935
0534153707716868953935
0505131708664868957940
0505131708664868957940
0494120708656842957941
0494120708656842957941
0467118709696809960944
0467118709696809960944
0452130710718814960943
0452130710718814960943
0453128709717817960943
0453128709717817960943
0450117709677782960944
0450117709677782960944
043794710596724961946
043794710596724961946
0468191709411627962946
0468191709411627962946
0508279708325565963947
0508279708325565963947
0495289708310612963946
0495289708310612963946
0420122708410651962947
0420122708410651962947
0379182708348616962947
0379182708348616962947
045862708256440963948
045862708256440963948
048965514707150317966949
048965514707150317966949
049265511707158357964949
049265511707158357964949
043233706187446965949
043233706187446965949
0358391708238535965949
0358391708238535965949
0317558708341659963947
0317558708341659963947
0330561709530767960945
0330561709530767960945
0369564709713840958944
0369564709713840958944
0374564709650835959943
0374564709650835959943
0404564709656860957942
0404564709656860957942
0429566709730859959943
0429566709730859959943
0424564709747867960944
0424564709747867960944
0409563709729854960944
0409563709729854960944
0367564709566791960945
0367564709566791960945
0349564710500764961944
0349564710500764961944
0343564709512770960944
0343564709512770960944
0323565710456726962945
0323565710456726962945
0311565710439692963946
0311565710439692963946
0306565710487721962946
0306565710487721962946
0308567710359636963947
0308567710359636963947
0303567710451680962946
0303567710451680962946
0292567709480685964948
0292567709480685964948
0289566709415646963948
0289566709415646963948
0291566709348484965949
0291566709348484965949
0290566710300500964949
0290566710300500964949
0281565709279485966950
0281565709279485966950
0235563708328555965949
0235563708328555965949
0201564708317542966950
0201564708317542966950
0243564709343571965949
0243564709343571965949
0287565709367570965949
0287565709367570965949
0284565709317556963947
0284565709317556963947
0292562709401654962946
0292562709401654962946
0312558709499728962946
0312558709499728962946
0299561709530715963947
0299561709530715963947
0267557708471682964948
0267557708471682964948
0276563709451668964948
0276563709451668964948
0289565709458670964948
0289565709458670964948
0296565709465674964948
0296565709465674964948
0299565709379621963947
0299565709379621963947
0294563710312528963946
0294563710312528963946
0289560710367561963946
0289560710367561963946
0286558709392608962946
0286558709392608962946
0289557710367595962946
0289557710367595962946
0293559710326506963947
0293559710326506963947
0309560710311437964948
0309560710311437964948
0335562709368390965949
0335562709368390965949
0341563709458353966950
0341563709458353966950
0345562709592488966950
0345562709592488966950
0343559707454384967951
0343559707454384967951
0351550704347325966950
0351550704347325966950
0423509706503430966951
0423509706503430966951
0448492708827612967951
0448492708827612967951
0437482708848556968951
0437482708848556968951
0414444708298320967951
0414444708298320967951
0415433708645387968951
0415433708645387968951
0406411708857454967951
0406411708857454967951
0390388708903521968952
0390388708903521968952
0394378708905531968951
0394378708905531968951
0375360708907640967951
0375360708907640967951
0297323707907666967951
0297323707907666967951
0322304707906626968952
0322304707906626968952
0354294707906655968952
0354294707906655968952
0369278707906624968951
0369278707906624968951
0372267707905576967951
0372267707905576967951
0332175706904492968952
0332175706904492968952
022731705903850968951
022731705903850968951
015165516704908894968951
015165516704908894968951
010965525670907894966949
010965525670907894966949
08065496543904891965948
08065496543904891965948
06765487506904889964948
06765487506904889964948
011765464696909893965948
011765464696909893965948
018065426704910895966949
018065426704910895966949
028265368702909894966950
028265368702909894966950
017565341702909894967950
017565341702909894967950
012865348704909894967950
012865348704909894967950
010565306626908893965948
010565306626908893965948
06165325205747840646698
06165325205747840646698
04565344152642781494586
04565344152642781494586
01465397161694863618707
01465397161694863618707
0665436172721881674779
0665436172721881674779
0565479183743882686835
0565479183743882686835
0665495201773883731883
0665495201773883731883
0665519205789883737913
0665519205789883737913
050203801884731925
