050203801884731925
0110655356553500
0110655356553500
000000065535
000000065535
000065535000
000065535000
000065535000
000065535000
01006553465535655350
01006553465535655350
0000655350065535
0000655350065535
000065535000
000065535000
000065535000
000065535000
01106553465535655350
01106553465535655350
01006553565535065535
01006553565535065535
000065535000
000065535000
0010655346553500
0010655346553500
001065535655346553565535
001065535655346553565535
00006553565535065535
00006553565535065535
000065535000
000065535000
010065535000
010065535000
0100655346553100
0100655346553100
0000655276551911
0000655276551911
0000655256551810
0000655256551810
0110655326552810
0110655326552810
0100065530065535
0100065530065535
0100655326552810
0100655326552810
00006552965525165535
00006552965525165535
0110655296552500
0110655296552500
01006553165526065535
01006553165526065535
0100655326552710
0100655326552710
0000655326552710
0000655326552710
0110655316552700
0110655316552700
01006553365529065535
01006553365529065535
0000655346553011
0000655346553011
000006553211
000006553211
0110655306552610
0110655306552610
01006552165524065535
01006552165524065535
0000293846
0000293846
00005276553365531
00005276553365531
0655351065519126552565519
0655351065519126552565519
0655352065533176553065516
0655352065533176553065516
06553427018341365528
06553427018341365528
020654810203296222142
020654810203296222142
015665312026235313357
015665312026235313357
02516536103253665353
02516536103253665353
02886540403964535737
02886540403964535737
02906540303584306224
02906540303584306224
02776538703384055910
02776538703384055910
0288653940321366613
0288653940321366613
0299654060325361592
0299654060325361592
0298654040323354593
0298654040323354593
0289653970312351544
0289653970312351544
0275653850298352498
02556536802943684112
02446535102713943515
02446535102713943515
02266532902864013521
02266532902864013521
021665310030339510363
021665310030339510363
021265297037253614295
021265297037253614295
020665286035358913294
020665286035358913294
02036528602264482789
02036528602264482789
02066529202524154121
02066529202524154121
020065287026141311121
020065287026141311121
020165287023538452120
020165287023538452120
020465292024236585125
020465292024236585125
020365291024936342130
020365291024936342130
01906527102613945125
01906527102613945125
018965265026541312128
018965265026541312128
0177652525335939280111
0177652525335939280111
01646523921539336763102
01646523921539336763102
01666524321936638743103
01666524321936638743103
0150652261994004713398
0150652261994004713398
01476522619637150328101
01476522619637150328101
01106521618835048125109
01106521618835048125109
055652051772223012689
055652051772223012689
0786520718614028812087
0786520718614028812087
0926521019119042111182
0926521019119042111182
01066521719424853012379
01066521719424853012379
01176522319823756215262
01176522319823756215262
01166522419922755015965528
01166522419922755015965528
0113652281899835513465518
0113652281899835513465518
0876520817273412939
0876520817273412939
09565206171655186553312441
09565206171655186553312441
01556525612742516828
01556525612742516828
0234653400448021342
0234653400448021342
0251653530517327746
0251653530517327746
02456535007910221841
02456535007910221841
0211653290215018218
0211653290215018218
0103652720655301815465525
0103652720655301815465525
08665223065519510465522
08665223065519510465522
01156527206551065529833
01156527206551065529833
04865258065495655066550465489
04865258065495655066550465489
05565234065504655146550565477
05565234065504655146550565477
04665255065465654786549965476
04665255065465654786549965476
04965215065451654636550065475
04965215065451654636550065475
010165265065452654646551765498
010165265065452654646551765498
015465242065492654996911
015465242065492654996911
0161652530654326545812029
0161652530654326545812029
014765251065442654597014
014765251065442654597014
011565240065484655096553565513
011565240065484655096553565513
09465288065496655236551765495
09465288065496655236551765495
09065297065502655246551665494
09065297065502655246551665494
08165300065502655276551165487
08165300065502655276551165487
08565306065504655266551565488
08565306065504655266551565488
08665295065502655246551465491
08665295065502655246551465491
08865291065493655176551365491
08865291065493655176551365491
06065282065497655186550165477
06065282065497655186550165477
096524006551506550665473
096524006551506550665473
0655306520606552156553365492
0655306520606552156553365492
06553265217065511655274165531
06553265217065511655274165531
01565248065499655117421
01565248065499655117421
06553565221065500655101365524
06553565221065500655101365524
0265202065480654936321
0265202065480654936321
06553565198065490655033765535
06553565198065490655033765535
0655356521306549465507497
0655356521306549465507497
0165303065505655175510
0165303065505655175510
0655356533806551365522433
0655356533806551365522433
01865372065522655306551965515
01865372065522655306551965515
0173654490586551365506
0173654490586551365506
0896533706549065531241
0896533706549065531241
0946527025654766345
0946527025654766345
0112652501276545265513201
0112652501276545265513201
01166525813365387653866552865526
01166525813365387653866552865526
0966524213465386653816551565517
0966524213465386653816551565517
016965366736548465488765533
016965366736548465488765533
01226541806552963513
01226541806552963513
03265283065530232965533
03265283065530232965533
02065273065535256550165486
02065273065535256550165486
0156531107326550065480
0156531107326550065480
0665302065510655246550265486
0665302065510655246550265486
0365323065480654836550265491
0365323065480654836550265491
0246528610965424654126549865483
0246528610965424654126549865483
0766525113465392653836549765473
0766525113465392653836549765473
0656525614865386653816549765472
0656525614865386653816549765472
0816528119765409653936549765472
0816528119765409653936549765472
0706530821365420653986549765472
0706530821365420653986549765472
0626524816265392653816549765471
0626524816265392653816549765471
0556523414265380653796549765471
0556523414265380653796549765471
0476524314565381653806549765471
0476524314565381653806549765471
0486524015065381653816549765471
0506523915165381653816549765471
0506523915165381653816549765471
0526523814765380653816549765471
0526523814765380653816549765471
0616524615465380653796549765471
0616524615465380653796549765471
0806524914765379653776549765471
0806524914765379653776549765471
0856524213965377653776549765471
0856524213965377653776549765471
0866523713765377653776549765471
0866523713765377653776549765471
0696524114665378653786549765471
0696524114665378653786549765471
0536524914765379653796549765471
0536524914765379653796549765471
0456525613865381653826549765471
0456525613865381653826549765471
0486526113065384653816549765471
0486526113065384653816549765471
0526526112665388653816549765471
0526526112665388653816549765471
0546526212565389653816549765471
0546526212565389653816549765471
0436526113465384653826549765471
0436526113465384653826549765471
0336527414865378653806549765471
0336527414865378653806549765471
0446524414665377653776549765471
0446524414665377653776549765471
0606524013965378653776549765471
0606524013965378653776549765471
0736523713665379653776549765471
0736523713665379653776549765471
0786523913865380653776549765471
0786523913865380653776549765471
0796524213965381653776549765471
0796524213965381653776549765471
0706524814365382653776549765471
0706524814365382653776549765471
0516524815065381653796549765471
0516524815065381653796549765471
0436524614565382653816549765471
0436524614565382653816549765471
0436524313765383653826549765471
0436524313765383653826549765471
0486525213365385653816549765471
0486525213365385653816549765471
0526527513165385653816549765471
0526527513165385653816549765471
0496527613765385653826549765471
0496527613765385653826549765471
0416530114965381653816549765471
0416530114965381653816549765471
0376526415865378653786549765471
0376526415865378653786549765471
0506525715265377653776549765471
0506525715265377653776549765471
0616525414865379653776549765471
0616525414865379653776549765471
0696524814765380653776549765471
0696524814765380653776549765471
0586525115465380653776549765471
0586525115465380653776549765471
0476525115465380653796549765471
0476525115465380653796549765471
0446524814765383653806549765471
0446524814765383653806549765471
0486524813765385653816549765471
0486524813765385653816549765471
0496524713365386653806549765471
0496524713365386653806549765471
0526525013365386653806549765471
0526525013365386653806549765471
0436525114165383653816549765471
0436525114165383653816549765471
0496524314665378653786549765471
0496524314665378653786549765471
0646523613965378653776549765471
0646523613965378653776549765471
0816524413765378653776549765471
0816524413765378653776549765471
0856524013865379653776549765471
0856524013865379653776549765471
0856524113865380653776549765471
0856524113865380653776549765471
0866524013765380653776549765471
0866524013765380653776549765471
0876524213865380653776549765471
0876524213865380653776549765471
0876524213965381653776549765471
0876524213965381653776549765471
0806525514165381653776549765471
0806525514165381653776549765471
0576526414965379653776549765471
0446525314565379653806549765471
0446525314565379653806549765471
0426526813365382653826549765471
0426526813365382653826549765471
0486526012865384653816549765471
0486526012865384653816549765471
0526526212665385653816549765471
0526526212665385653816549765471
0536525412665385653806549765471
0536525412665385653806549765471
0536525312765386653816549765471
0536525312765386653816549765471
0526525212765386653816549765471
0526525212765386653816549765471
0536525212665386653806549765471
0536525212665386653806549765471
0536525312765386653806549765471
0536525312765386653806549765471
0436524913565383653826549765471
0436524913565383653826549765471
0386525214565378653786549765471
0386525214565378653786549765471
0606523514065377653776549765471
0606523514065377653776549765471
0826523513965379653776549765471
0826523513965379653776549765471
0866523613965380653776549765471
0866523613965380653776549765471
0866523613965380653776549765471
0866523613965380653776549765471
0886523613965379653776549765471
0886523613965379653776549765471
0846523714165381653776549765471
0846523714165381653776549765471
0646524014965381653786549765471
0646524014965381653786549765471
0456524314165382653826549765471
0456524314165382653826549765471
0516524513365383653826549765471
0516524513365383653826549765471
0546524613265385653816549765471
0546524613265385653816549765471
0566524813065386653816549765471
0566524813065386653816549765471
0576524913065387653816549765471
0576524913065387653816549765471
0576525013465386653816549765471
0576525013465386653816549765471
0516525014065385653826549765471
0516525014065385653826549765471
0426525615065380653806549765471
0426525615065380653806549765471
0526524015065377653776549765471
0526524015065377653776549765471
0756523313965376653776549765471
0756523313965376653776549765471
0856523213765377653776549765471
0856523213765377653776549765471
0866523313765377653776549765471
0866523313765377653776549765471
0866523413765377653776549765471
0866523413765377653776549765471
0866523613965377653776549765471
0866523613965377653776549765471
0856523614065378653776549765471
0856523614065378653776549765471
0796523514165377653776549765471
0796523514165377653776549765471
0656524014765377653786549765471
0656524014765377653786549765471
0556524314665379653796549765471
0556524314665379653796549765471
0546524413665382653826549765471
0546524413665382653826549765471
0596524713065385653826549765471
0596524713065385653826549765471
0626525212865386653816549765471
0626525212865386653816549765471
0626525313165386653816549765471
0626525313165386653816549765471
0606525213365385653826549765471
0606525213365385653826549765471
0556525013665382653836549765471
0556525013665382653836549765471
0546524713865380653826549765471
0546524713865380653826549765471
0516524713965380653816549765471
0516524713965380653816549765471
0486524513965381653826549765471
0486524513965381653826549765471
0476524314065381653816549765471
0476524314065381653816549765471
0496524314165381653826549765471
0496524314165381653826549765471
0556524714865383653826549765471
0556524714865383653826549765471
0666525114665383653826549765471
0666525114665383653826549765471
0666525514765381653826549765471
0666525514765381653826549765471
0686524514365379653836549765471
0686524514365379653836549765471
0456523814365378653826549765471
0456523814365378653826549765471
0356522413565377653836549765471
0356522413565377653836549765471
0326522113465377653836549765471
0326522113465377653836549765471
0286523213665378653826549765471
0286523213665378653826549765471
0266523613565378653826549765471
0266523613565378653826549765471
0266524113465377653826549765471
0266524113465377653826549765471
0216525313565377653826549765471
0216525313565377653826549765471
0236525713565377653816549765471
0236525713565377653816549765471
0226525813665377653816549765471
0226525813665377653816549765471
0226525913565378653816549765471
0226525913565378653816549765471
0226525913465377653816549765471
0226525913465377653816549765471
0226525913565377653816549765471
