06517865197065419654876492264914
006553406553526553465535
006553406553526553465535
00655350655351655350
00655350655351655350
065535655340655350655350
065535655340655350655350
065535655340655330655340
065535655340655330655340
01655340655306553315
01655340655306553315
022065534655351717
022065534655351717
0214065534655291723
0214065534655291723
0224065535655251628
0224065535655251628
0655342804655191631
0655342804655191631
0655302908655152033
0655302908655152033
0655292707655151932
0655292707655151932
0655352600655241428
0655352600655241428
012006553465531721
012006553465531721
031406553465531616
031406553465531616
011206553165523614
011206553165523614
011206552565512714
011206552565512714
001106552565507813
001106552565507813
0113065531655311015
0113065531655311015
0116065535655351017
0116065535655351017
012203655271122
012203655271122
0655342608655201325
0655342608655201325
06553226011655211627
06553226011655211627
002306655221125
002306655221125
03240265526821
03240265526821
03180165532512
03180165532512
047050111
047050111
0665535036552909
0665535036552909
05655340165521655337
05655340165521655337
04655330065520655336
04655330065520655336
0100655356552729
0100655356552729
04806553465527613
04806553465527613
0312065532655241120
0312065532655241120
017065530655301524
017065530655301524
0013065527655291926
0013065527655291926
06553523065530655251727
06553523065530655251727
0655342801655231226
0655342801655231226
0655342900655221126
0655342900655221126
012806553265528724
012806553265528724
031706553165532718
031706553165532718
041306553265534611
041306553265534611
02906552565525810
02906552565525810
00906552365526912
00906552365526912
02150655290812
02150655290812
0318015712
0318015712
03220401017
03220401017
0655332609655241524
0655332609655241524
06552928010655151826
06552928010655151826
06552727011655181924
06552727011655181924
0655312708655211725
0655312708655211725
012500655351122
012500655351122
042306553265533714
042306553265533714
052006553265520510
052006553265520510
041806552265497912
041806552265497912
0217065523655081014
0217065523655081014
032206553265527914
032206553265527914
012603655301319
012603655301319
0655273403654711727
0655273403654711727
0655253304654681927
0655253304654681927
0655263405654751825
0655263405654751825
0655273205654831624
0655273205654831624
0655352706553365525919
0655352706553365525919
041706553265530510
041706553265530510
071506552865519310
071506552865519310
051506552265507610
051506552265507610
041606552365515812
041606552365515812
04200655343814
04200655343814
012702655311018
012702655311018
0655292908655191422
0655292908655191422
06552629011655141623
06552629011655141623
0655312506655181022
0655312506655181022
032206553465524415
032206553465524415
042006553265530410
042006553265530410
041806553065528310
041806553065528310
051806552465517410
051806552465517410
041906553365531412
041906553365531412
00230665529516
00230665529516
06553026011655111019
06553026011655111019
06552729012655081422
06552729012655081422
06552828010655101120
06552828010655101120
065535240565515719
065535240565515719
02230065512415
02230065512415
042206553165516210
042206553165516210
05200655316552317
05200655316552317
06180655266551929
06180655266551929
05170655246551649
05170655246551649
05200655276552249
05200655276552249
03210655336552649
03210655336552649
01250265518513
01250265518513
065532280865507819
065532280865507819
06552929011655021221
06552929011655021221
06553028010655031119
06553028010655031119
065533270865505819
065533270865505819
065535270565511619
065535270565511619
01290565511518
01290565511518
02290265522317
02290265522317
052506553165524112
052506553165524112
062006553065530655357
062006553065530655357
061906552865531655357
061906552865531655357
062006552965533655356
062006552965533655356
052006552965534655357
052006552965534655357
052006552965533655356
052006552965533655356
052106552965534655346
052106552965534655346
042006552965535655356
042006552965535655356
042106552965535655346
042106552965535655346
042006552965535655346
042006552965535655346
052106552965535655336
052106552965535655336
052106552965535655356
052106552965535655356
032006552965533655346
032006552965533655346
042006552865533655336
042006552865533655336
042006553065533655325
042006553065533655325
042006552965532655335
042006552965532655335
031906552965532655335
031906552965532655335
042006552865532655335
042006552865532655335
042006553065532655314
042006553065532655314
042006552965532655335
042006552965532655335
031906552965532655325
031906552965532655325
041906552965532655325
041906552965532655325
08110655320655323
08110655320655323
0850065529655321
0850065529655321
0640065525655310
0640065525655310
07606553565524655310
07606553565524655310
05906553565531655321
05906553565531655321
071406553065534655325
071406553065534655325
061906552765523515
061906552765523515
021706552665521819
021706552665521819
071306553065518813
071306553065518813
0740065516655342
0740065516655342
06401655106553165535
06401655106553165535
075065535655086553065534
075065535655086553065534
04606553365509655310
04606553365509655310
051006553265517655345
051006553265517655345
041506552865512716
041506552865512716
0121065523655111018
0121065523655111018
06553527065522655131318
06553527065522655131318
0419065526655161115
0419065526655161115
08110655316551816
08110655316551816
0960065516655311
0960065516655311
09400655126553065534
09400655126553065534
083065534655096553065535
083065534655096553065535
06406553265513655301
06406553265513655301
071006553265516655303
071006553265516655303
071306552965513655324
071306552965513655324
051306552965512655314
051306552965512655314
052006552565509112
052006552565509112
002906552065506616
002906552065506616
06553424065521655081018
06553424065521655081018
06553515065523655081219
06553515065523655081219
0960655346550837
0960655346550837
08502655116553165535
08502655116553165535
07501655096553065535
07501655096553065535
055065533655106553065535
055065533655106553065535
06806553265515655301
06806553265515655301
0111306553165514655335
0111306553165514655335
013140655276550638
013140655276550638
091706552565499613
091706552565499613
0620065518654891015
0620065518654891015
0412065515654881213
0412065515654881213
0750655266549357
0750655266549357
0146065533655046552865533
0146065533655046552865533
0158065531655046552765531
0158065531655046552765531
0139065530655076552765530
0139065530655076552765530
097065527655166552765534
097065527655166552765534
07806552565522655270
07806552565522655270
091406552465512655336
091406552465512655336
061806552165514612
061806552165514612
032106551865511714
032106551865511714
042006551765512814
042006551765512814
052006551765512814
052006551765512814
072006551865512813
072006551865512813
052406551565506614
052406551565506614
062106551665506814
062106551665506814
042206550465480313
042206550465480313
001106549965466313
001106549965466313
04406552265503914
04406552265503914
02906547765426514
02906547765426514
03306548165423813
03306548165423813
0172065530655231615
0172065530655231615
013180655286552334119
013180655286552334119
06420655276551525136
06420655276551525136
0816065470653902665
0816065470653902665
00290116550518112
00290116550518112
0655324501065518675
0655324501065518675
06553447022655166553241
06553447022655166553241
06553330065498655026552826
06553330065498655026552826
065534655220655066544118127
065534655220655066544118127
03654910654986544427160
03654910654986544427160
01654960655026541841202
01654960655026541841202
00655110654996541133188
00655110654996541133188
01765506065487654021182
01765506065487654021182
0154065481653996553530
0154065481653996553530
06551966065422653265065
06551966065422653265065
02365527065405652926395
02365527065405652926395
09165519065412652891762
09165519065412652891762
05365506065423653356552865523
05365506065423653356552865523
01465508065419653416553565520
01465508065419653416553565520
056549806542465346565522
056549806542465346565522
0126550506543465353765535
0126550506543465353765535
0465505065417653303736
0465505065417653303736
06552765506065406653154141
06552765506065406653154141
06552665505065404653264237
06552665505065404653264237
04116065420653506760
04116065420653506760
01423806550165401146179
01423806550165401146179
01333606548065388135132
01333606548065388135132
09612065462653708785
09612065462653708785
09080654626536810095
09080654626536810095
01001806547065376142131
01001806547065376142131
01102106547865380179157
01102106547865380179157
01203206548165386164123
01203206548165386164123
0127140654676537913598
0127140654676537913598
0107655250654616538413299
0107655250654616538413299
085655150654816540013696
085655150654816540013696
01382706552865437226192
01382706552865437226192
02129606165494270244
02129606165494270244
0242129011411325264
0242129011411325264
0250131011816363296
0250131011816363296
0286148012219421339
0286148012219421339
0395177012535376351
0395177012535376351
0453207013445343387
0453207013445343387
0603301013944323379
0603301013944323379
0725446013833378487
0725446013833378487
0734498017348544569
0734498017348544569
0668469022987495527
0668469022987495527
05333230392206337334
05333230392206337334
05082950455326276276
05082950455326276276
05042920466341277277
05042920466341277277
05022900465340277277
05022900465340277277
04932800296177277276
04932800296177277276
04842830300171283278
04842830300171283278
05073070318217281278
05073070318217281278
05012920334241282277
05012920334241282277
04952810347254281276
04952810347254281276
04893070418308275267
04893070418308275267
04842920458339272266
04842920458339272266
04852910414308271266
04852910414308271266
04813060343219269262
04813060343219269262
04762650366155268262
04762650366155268262
04592780372197270261
04592780372197270261
04722840317219269265
04722840317219269265
04863000366341267265
04863000366341267265
04842930443356265267
04842930443356265267
04362510415346262263
04362510415346262263
04462660449356259260
04462660449356259260
04723230473360261259
04723230473360261259
04753370456306260259
04753370456306260259
04693320410241261257
04693320410241261257
04783170486363265260
04783170486363265260
04823180502390267262
04823180502390267262
04813190506395268263
04813190506395268263
04853210509398269263
04853210509398269263
04883250513400269263
04883250513400269263
04913280515401271266
04913280515401271266
04923290516403273267
04923290516403273267
04943320519405273267
04943320519405273267
04953330520406273267
04953330520406273267
04963330521407275269
04963330521407275269
04973350522408277271
04973350522408277271
05043420518404283278
05043420518404283278
05153540517403294289
05153540517403294289
05153550519409301296
05153550519409301296
05113510512405302297
05113510512405302297
05133530505397303298
05133530505397303298
05163560505398305299
05163560505398305299
04763310508402302296
04763310508402302296
02631660492394290254
02631660492394290254
02041440414356286246
02041440414356286246
011200119251306257
011200119251306257
03116548108580568518
03116548108580568518
034965474036545625586
034965474036545625586
01736547906551665499252197
01736547906551665499252197
0676548006552465535226221
0676548006552465535226221
0466546506551165516192195
0466546506551165516192195
0286545306550065505204210
0286545306550065505204210
0186545006553520234239
0186545006553520234239
0126544803927261244
0126544803927261244
0226544406547065401328244
0226544406547065401328244
006547106542865316379279
006547106542865316379279
030406540265295174113
030406540265295174113
044105065409653016552465524
044105065409653016552465524
065523178065413653046552865528
065523178065413653046552865528
065523178065413653046552865528
065523178065413653046552865528
065523155065413653036552765527
065523155065413653036552765527
065525128065413653046552765528
065525128065413653046552765528
065522170065414653046552865529
065522170065414653046552865529
065522174065413653046552865529
065522174065413653046552865529
065522174065414653046552765528
065522174065414653046552765528
065522174065414653046552865529
065522174065414653046552865529
065521174065414653046552865529
065521174065414653046552865529
065523175065413653046552865528
065523175065413653046552865528
065522175065414653046552765528
065522175065414653046552765528
065522175065414653046552865529
065522175065414653046552865529
065522174065414653046552865529
065522174065414653046552865529
065522176065412653036552865529
065522176065412653036552865529
065522175065414653046552765528
065522175065414653046552765528
065522175065414653046552865529
065522175065414653046552865529
065521175065414653046552865529
065521175065414653046552865529
065523176065413653036552865528
065523176065413653036552865528
065522176065414653046552865528
065522176065414653046552865528
065522176065413653046552865529
065522176065413653046552865529
065522175065413653046552865529
065522175065413653046552865529
065522176065413653036552765528
065522176065413653036552765528
065522176065414653046552865528
065522176065414653046552865528
065522175065413653046552865529
065522175065413653046552865529
065522175065413653046552865529
065522175065413653046552865529
065522175065412653026552865529
065522175065412653026552865529
065522175065414653046552865529
065522175065414653046552865529
065522174065412653036552865529
065522174065412653036552865529
065522174065413653046552765528
065522174065413653046552765528
065522174065413653036552765528
065522174065413653036552765528
065522174065413653046552865528
065522174065413653046552865528
065522174065413653046552865528
065522174065413653046552865528
065522174065412653036552765529
065522174065412653036552765529
065522175065413653036552765528
065522175065413653036552765528
065522175065413653046552865528
065522175065413653046552865528
065521174065413653046552765528
065521174065413653046552765528
065522175065412653036552765528
065522175065412653036552765528
065522175065413653036552665528
065522175065413653036552665528
065522175065413653046552865528
065522175065413653046552865528
065521174065413653036552865528
065521174065413653036552865528
065522175065412653036552765528
065522175065412653036552765528
065521174065413653036552765528
065521174065413653036552765528
065522175065413653036552765528
065522175065413653036552765528
065521174065413653036552765529
065521174065413653036552765529
065522175065412653036552765528
065522175065412653036552765528
065522175065413653036552765527
065522175065413653036552765527
065522174065413653036552865528
065521174065413653036552765528
065521174065413653036552765528
065522175065412653036552765528
065522175065412653036552765528
065522175065413653036552765528
065522175065413653036552765528
065522174065413653036552765529
065522174065413653036552765529
065521174065413653036552765528
065521174065413653036552765528
065522175065412653036552765529
065522175065412653036552765529
065522175065413653036552765527
065522175065413653036552765527
065521174065413653036552765529
065521174065413653036552765529
065521174065413653036552765529
065521174065413653036552765529
065522175065412653026552765528
065522175065412653026552765528
065522175065413653036552765528
065522175065413653036552765528
065522175065413653046552865529
065522175065413653046552865529
065522175065413653046552865529
065522175065413653046552865529
065522177065413653036552865529
065522177065413653036552865529
065523177065414653046552865529
065523177065414653046552865529
065521176065414653046552865530
065521176065414653046552865530
065522176065413653036552865529
065522176065413653036552865529
065522176065413653036552865529
065522176065413653036552865529
065522176065413653046552865528
065522176065413653046552865528
065521175065413653046552865529
065521175065413653046552865529
065522176065413653036552865529
065522176065413653036552865529
065522176065413653026552765528
065522176065413653026552765528
065521175065413653036552865528
065521175065413653036552865528
065521175065413653036552865529
065521175065413653036552865529
065522176065412653036552765528
065522176065412653036552765528
065522176065413653036552765528
065522176065413653036552765528
065521175065413653036552865528
065521175065413653036552865528
065521175065412653036552765528
065521175065412653036552765528
065522175065412653036552765529
065522175065412653036552765529
065522176065413653026552765528
065522176065413653026552765528
065522176065413653036552865529
065522176065413653036552865529
065521174065413653036552865529
065521174065413653036552865529
065522176065412653036552765529
065522176065412653036552765529
065521175065413653036552765528
065521175065413653036552765528
065522175065413653036552865529
065522175065413653036552865529
065521175065413653036552765528
065521175065413653036552765528
065522176065412653036552765529
065522176065412653036552765529
065522176065413653036552765528
065522176065413653036552765528
065521175065413653036552865529
065521175065413653036552865529
065521175065413653036552865529
065521175065413653036552865529
065522176065412653026552765529
065522176065412653026552765529
065522176065413653046552765528
065522176065413653046552765528
065521175065413653036552865529
065521175065413653036552865529
065521175065413653036552765529
065521175065413653036552765529
065522176065412653026552765528
065522176065412653026552765528
065521175065413653036552765528
065521175065413653036552765528
065521175065413653046552865529
065521175065413653046552865529
065521175065413653036552865529
065521175065413653036552865529
065521176065412653026552765528
065521176065412653026552765528
065521175065413653036552865528
065521175065413653036552865528
065521175065413653036552765529
065521175065413653036552765529
065521175065412653036552765529
065521175065412653036552765529
065521176065412653026552765528
065521176065412653026552765528
065521176065411653026552865528
065521176065411653026552865528
065521175065412653036552865530
065521175065412653036552865530
065522175065411653026552765529
065522175065411653026552765529
065521176065412653026552765529
065521176065412653026552765529
065521175065412653036552865529
065521175065412653036552865529
065521175065412653036552865530
065521175065412653036552865530
065522176065412653036552965530
065522176065412653036552965530
065522176065413653026552865530
065522176065413653026552865530
065522176065413653036552965530
065522176065413653036552965530
065521175065413653036552865530
065521175065413653036552865530
065522176065410653016552765528
065522176065410653016552765528
065522176065413653026552765528
065522176065413653026552765528
065521175065413653036552865529
065521175065413653036552865529
065521175065413653036552765529
065521175065413653036552765529
065522176065412653036552765529
065522176065412653036552765529
065522176065413653036552765528
065522176065413653036552765528
065522176065413653036552865529
065522176065413653036552865529
065521175065413653036552765529
065521175065413653036552765529
065522177065412653036552765529
065522177065412653036552765529
065522176065413653036552765527
065522176065413653036552765527
065522176065413653036552765529
065522176065413653036552765529
065521175065413653036552865529
065521175065413653036552865529
065522176065412653026552765529
065522176065412653026552765529
065522176065413653036552765528
065522176065413653036552765528
065521176065413653036552765529
065521176065413653036552765529
065521175065413653036552765529
065521175065413653036552765529
065521176065412653026552765528
065521176065412653026552765528
065522176065413653036552765528
065522176065413653036552765528
065521176065413653036552765529
065521176065413653036552765529
065521175065413653036552765529
065521175065413653036552765529
065522176065412653026552765529
065522176065412653026552765529
065521176065413653036552765528
065521176065413653036552765528
065521176065413653036552765529
065521176065413653036552765529
065522176065412653036552765529
065522176065412653036552765529
065522177065412653026552765528
065522177065412653026552765528
065522176065413653036552865528
065522176065413653036552865528
065522177065413653036552865529
065522177065413653036552865529
065522177065412653036552865529
065522177065412653036552865529
065522177065413653026552765528
065522177065413653026552765528
065522177065413653036552865528
065522177065413653036552865528
065522176065411653026552765529
065522176065411653026552765529
065522177065411653026552765529
065522177065411653026552765529
065522177065410653016552665528
065522177065410653016552665528
065522177065410653016552765528
065522177065410653016552765528
065521176065411653026552965530
065521176065411653026552965530
065522177065410653026552865530
065522177065410653026552865530
065522177065412653026552865530
065522177065412653026552865530
065522178065412653036552965531
065522178065412653036552965531
065521176065411653026552965530
065521176065411653026552965530
065522178065411653026552965530
065522178065411653026552965530
065522177065412653026552765529
065522177065412653026552765529
065522177065411653036552865530
065522177065411653036552865530
065522177065411653036552865529
065522177065411653036552865529
065522178065410653016552765528
065522178065410653016552765528
065522178065411653026552665527
065522178065411653026552665527
065522177065411653026552765529
065522177065411653026552765529
065521177065410653026552765528
065521177065410653026552765528
065522178065410653016552765528
065522178065410653016552765528
065522177065411653026552765527
065522177065411653026552765527
065522177065411653026552765528
065522177065411653026552765528
065522177065411653026552765528
065522177065411653026552765528
065522178065410653016552765528
065522178065410653016552765528
065522177065411653026552765527
065522177065411653026552765527
065522176065411653036552865528
065522176065411653036552865528
065522177065410653026552865528
065522177065410653026552865528
065522177065410653016552665527
065522177065410653016552665527
065522177065411653026552765527
065522177065411653026552765527
065522177065411653026552765528
065522177065411653026552765528
065522177065410653026552765528
065522177065410653026552765528
065522177065410653016552665527
065522177065410653016552665527
065522177065411653026552765527
065522177065411653026552765527
065522177065410653026552765528
065522177065410653026552765528
065522177065410653016552765528
065522177065410653016552765528
065522177065411653026552765528
065522177065411653026552765528
065522176065411653026552865529
065522176065411653026552865529
065521175065411653026552865530
065521175065411653026552865530
065522177065410653026552965530
065522177065410653026552965530
065522177065410653006552665527
065522177065410653006552665527
065522177065412653026552865528
065522177065412653026552865528
065521177065413653036552765528
065521177065413653036552765528
065522178065412653036552765528
065522178065412653036552765528
065522177065413653026552765528
065522177065413653026552765528
065522178065413653036552865529
065522178065413653036552865529
065521177065413653036552765528
065521177065413653036552765528
065522178065412653026552765528
065522178065412653026552765528
065522178065413653026552765528
065522178065413653026552765528
065522177065413653036552865529
065522177065413653036552865529
065521177065412653036552765529
065521177065412653036552765529
065522178065411653026552765528
065522178065411653026552765528
065522178065413653036552765527
065522178065413653036552765527
065522177065413653036552865529
065522177065413653036552865529
065521177065412653036552765529
065521177065412653036552765529
065522178065412653026552765528
065522178065412653026552765528
065522178065413653036552765527
065522178065413653036552765527
065522177065412653036552765528
065522177065412653036552765528
065521177065412653036552765528
065521177065412653036552765528
065522178065411653026552765528
065522178065411653026552765528
065522177065412653036552765527
065522177065412653036552765527
065522177065412653036552765528
065522177065412653036552765528
065522177065412653036552765528
065522177065412653036552765528
065522178065412653016552665528
065522178065412653016552665528
065522177065412653036552765528
065522177065412653036552765528
065522177065412653036552765528
065522177065412653036552765528
065522177065412653036552765528
065522177065412653036552765528
065522178065412653026552765528
065522178065412653026552765528
065522177065413653036552765528
065522177065413653036552765528
065521177065413653036552765528
065521177065413653036552765528
065522177065412653026552765528
065522177065412653026552765528
065522178065412653026552665528
065522178065412653026552665528
065522177065413653036552865528
065522177065413653036552865528
065522177065413653036552865529
065522177065413653036552865529
065522177065412653026552765528
065522177065412653026552765528
065522178065412653026552765528
065522178065412653026552765528
065522177065412653036552765528
065522177065412653036552765528
065521177065413653036552765529
065521177065413653036552765529
065522178065412653026552765529
065522178065412653026552765529
065522177065413653026552765527
065522177065413653026552765527
065522178065412653036552765529
065522178065412653036552765529
065521177065413653026552765528
065521177065413653026552765528
065522178065411653026552765529
065522178065411653026552765529
065522177065413653026552765527
065522177065413653026552765527
065522177065413653036552765528
065522177065413653036552765528
065521177065412653026552765528
065521177065412653026552765528
065522178065411653026552765528
065522178065411653026552765528
065522178065413653036552765527
065522178065413653036552765527
065522177065412653036552765529
065522177065412653036552765529
065521174065410653016552665528
065521174065410653016552665528
065523179065405652966552565526
065523179065405652966552565526
065518177065409653046552665526
065518177065409653046552665526
065517195065422653376553065531
065517195065422653376553065531
065520193065443653666553165531
065520193065443653666553165531
06551617406551465448655350
06551617406551465448655350
0313003565482104101
0313003565482104101
01619106665518188185
01619106665518188185
024213009065526248247
024213009065526248247
025615108065498504449
025615108065498504449
026015307665486491421
026015307665486491421
0361308013665475672680
0361308013665475672680
0362334011565480724738
0362334011565480724738
0353335013743738751
0353335013743738751
03543370240232737750
03543370240232737750
03483320240237735747
03453290238235732745
03453290238235732745
03453280236232730744
03453280236232730744
03433270234230729743
03433270234230729743
03403240230225728742
03403240230225728742
03393220225221727741
03393220225221727741
03383210224217726740
03383210224217726740
03383200224218726740
03383200224218726740
03363200224218726740
03363200224218726740
03373200223218726740
03373200223218726740
03383200224217725739
03383200224217725739
03383200225217726740
03383200225217726740
03383200225218727741
03383200225218727741
03383200221215726741
03383200221215726741
03383200222215726740
03383200222215726740
03383200221214727741
03383200221214727741
03373200220213726741
03373200220213726741
03393210219212726741
03393210219212726741
03393210220213726741
03393210220213726741
03393220220213726741
03393220220213726741
03383200219212726741
03383200219212726741
03393210218212726742
03393210218212726742
03403220222214726741
03403220222214726741
03423230226215728743
03423230226215728743
03443260231215731746
03443260231215731746
03473280193176731744
03473280193176731744
031220907552732746
031220907552732746
028417002198741710
028417002198741710
03422240147278765809
03422240147278765809
0833585078141872907
0833585078141872907
094578806550565474941937
094578806550565474941937
094178806550865402866879
094178806550865402866879
060451006548865424379381
060451006548865424379381
041527306547065440290262
041527306547065440290262
035322806545365432246199
035322806545365432246199
032520606545265426222172
032520606545265426222172
028315906544365411196138
028315906544365411196138
022810006543865401170123
022810006543865401170123
01544306544165400181146
01544306544165400181146
01664906542165384142134
01664906542165384142134
018874065415653777775
018874065415653777775
02076553106542965341138188
02076553106542965341138188
01556546306541165302128144
01556546306541165302128144
01496550706540265294236
01496550706540265294236
012465515065411653036551765515
012465515065411653036551765515
065529263065430653226552465521
065529263065430653226552465521
065519312065432653246552665522
065519312065432653246552665522
065519313065432653246552665522
065519313065432653246552665522
065519315065431653246552565522
065519315065431653246552565522
065519315065432653256552565521
065519315065432653256552565521
065519315065432653256552665523
065519315065432653256552665523
065519315065432653256552665522
065519315065432653256552665522
065519317065431653246552565522
065519317065431653246552565522
065519316065432653256552665521
065519316065432653256552665521
065521301065430653236552465521
065521301065430653236552465521
065516392065418653136551965516
065516392065418653136551965516
065515538065399652956551365509
065515538065399652956551365509
065515593065400652956551365508
065515593065400652956551365508
065516583065400652956551365509
065516583065400652956551365509
065515666065399652946551365508
065515666065399652946551365508
065515675065399652936551365508
