00000000
001010065535
001010065535
0655350655350010
0655350655350010
0655350655350010
0655350655350010
001655350001
001655350001
001010065535
001010065535
00100111
00100111
06553565535655350100
06553565535655350100
0010655356553501
0010655356553501
065535101100
065535101100
000655350011
000655350011
06553565535655350101
06553565535655350101
00100000
00100000
00101100
00101100
065535000111
065535000111
000655350100
000655350100
001006553500
001006553500
00101100
00101100
065535000100
065535000100
0655350655350211
0655350655350211
00100100
00100100
00101311
00101311
00001311
00001311
000655350311
000655350311
00101200
00101200
00100310
00100310
06553506553565533655266553365533
06553506553565533655266553365533
000065534655216553265533
000065534655216553265533
01118655226553265531
01118655226553265531
0226553412655246553365530
0226553412655246553365530
023655286655246553365530
023655286655246553365530
0456552665534655226553165531
0456552665534655226553165531
0466552765528655206553065532
0466552765528655206553065532
0356552765525655196553065535
0356552765525655196553065535
0126552765525655186553065534
0126552765525655186553065534
0006553065530655186553165533
0006553065530655186553165533
0655356553502655206553065531
0655356553502655206553065531
000655357655226553165531
000655357655226553165531
0116553113655236553265530
0116553113655236553265530
0226553019655276553265528
0226553019655276553265528
0116553023655276553365528
0116553023655276553365528
000019655236553265530
000019655236553265530
06553301616655206553165529
06553301616655206553165529
06553163012655186553065530
06553163012655186553065530
0655350817655216553265529
0655350817655216553265529
011233655256553365527
011233655256553365527
0006553517655226553265529
0006553517655226553265529
0655350655342655196553165530
0655350655342655196553165530
06553546553165524655196553065530
06553546553165524655196553065530
0196552665504655126552865535
0196552665504655126552865535
0412655236549665508655282
0412655236549665508655282
0176553265513655126552865535
0176553265513655126552865535
0655351065530655226552965532
0655351065530655226552965532
0655351065533655356553065535
0655351065533655356553065535
065535065535655341655310
065535065535655341655310
065535106553465535655310
065535106553465535655310
065535106553506553165535
065535106553506553165535
06553500655340655310
06553500655340655310
0655356553565535655342655310
0655356553565535655342655310
06553500655353655310
06553500655353655310
06553500655354655320
06553500655354655320
06553500655353655310
06553500655353655310
065535065535655343655310
065535065535655343655310
065535106553536553165535
065535106553536553165535
06553510655354655310
06553500655352655310
06553500655352655310
0000655341655310
0000655341655310
065535106553516553065535
065535106553516553065535
06553510655351655310
06553510655351655310
06553500655351655310
06553500655351655310
0010655340655300
