00000000
06517265198065407655256493164915
06517265198065407655256493164915
06517165198065406655176493264916
06517165198065406655176493264916
06517165197065403655146493164917
06517165197065403655146493164917
06517365197065403655046493564923
06517365197065403655046493564923
06517365205065406655036493764929
06517365205065406655036493764929
06517765217065403654936493864933
06517765217065403654936493864933
06517865225065399654736493864934
06517865225065399654736493864934
06517665230065400654826493664937
06517665230065400654826493664937
06517565230065406654536493564941
06517565230065406654536493564941
06517265230065411654486493764942
06517265230065411654486493764942
06517065230065412654466493964942
06517065230065412654466493964942
06517265229065413654496493764941
06517265229065413654496493764941
06517765228065409654616493264939
06517765228065409654616493264939
06517965223065407654646492964931
06517965223065407654646492964931
06518065219065407654656493064927
06518065219065407654656493064927
06517765214065393654396493264925
06517765214065393654396493264925
06517465210065386654276493564927
06517465210065386654276493564927
06517365211065400654576493664928
06517365211065400654576493664928
06517565217065407654736493564928
06517565217065407654736493564928
06517665218065410654746493464927
06517665218065410654746493464927
06517665219065412654736493564929
06517665219065412654736493564929
06517665222065417654686493564934
06517665222065417654686493564934
06517565227065421654556493564940
06517565227065421654556493564940
06516965229065426654616494064941
06516965229065426654616494064941
06517365226065421654616493864941
06517365226065421654616493864941
06518065218065414654726493464931
06518065218065414654726493464931
06518165211065414654766493164925
06518165211065414654766493164925
06518265201065416654816492764919
06518265201065416654816492764919
06518065197065410654846492064916
06518065197065410654846492064916
06517865194065411654836491964914
06517865194065411654836491964914
06517865198065415654856492164913
06517865198065415654856492164913
06517765198065418654886492264914
06517765198065418654886492264914
06517665196065418654886492364914
06517665196065418654886492364914
06517765195065419654876492364914
