050127546539321215
02420465533655112931
02420465533655112931
02218365532655122727
02218365532655122727
02117365532655072421
02117365532655072421
02117365531655091612
02117365531655091612
019152655316550483
019152655316550483
0161206553065503565533
0161206553065503565533
01512065527654986552065515
01512065527654986552065515
097065530655036552165510
097065530655036552165510
06552965531655352655276546365477
06552965531655352655276546365477
065524655270516545065470
065524655270516545065470
065521655263966541565460
065521655263966541565460
06551065519412336535165432
06551065519412336535165432
06550865520917366532565420
06550865520917366532565420
065515655292027256532665423
065515655292027256532665423
06553294037386534065441
06553294037386534065441
01174860846533865439
01174860846533865439
09265478926531565427
09265478926531565427
04214381926528665407
04214381926528665407
013296158706528965410
013296158706528965410
0314471811256534065453
0314471811256534065453
03349851051546532065445
03349851051546532065445
04055921111696533165455
04055921111696533165455
047631001281966533265458
047631001281966533265458
052691101402116534765471
052691101402116534765471
02212373263824556548084
02212373263824556548084
056455257961858666232
056455257961858666232
01611803123013716542520
01611803123013716542520
050651356062658021178
050651356062658021178
034935737339436137169
034935737339436137169
04124375295004486548894
04124375295004486548894
054959259665853694254
054959259665853694254
02232573694404756548361
02232573694404756548361
01011161572553436537065488
01011161572553436537065488
0941101532212926536065480
0941101532212926536065480
0881061502052646535565476
0881061502052646535565476
0851021432092686535965481
0851021432092686535965481
0821011442002576535965480
0821011442002576535965480
0841031462002566535865481
0841031462002566535865481
078981401952506535565477
078981401952506535565477
079971401942476535365476
079971401942476535365476
075941371882386535465475
075941371882386535465475
076951371912426535265476
076951371912426535265476
075961371942456535565477
075961371942456535565477
080991432022556535665480
080991432022556535665480
0891151812373076537965501
0891151812373076537965501
01571923624475496545641
01571923624475496545641
021224847257360265513101
021224847257360265513101
02102474615776026549886
02102474615776026549886
0125152222374516654212
0125152222374516654212
01031181372864406537565495
01031181372864406537565495
01041201432934506538065497
01041201432934506538065497
01421723084345486544218
01421723084345486544218
01872214276066046549773
01872214276066046549773
01491833304485466544522
01491833304485466544522
01061181442864006536965490
01061181442864006536965490
0961121382543586537065485
0961121382543586537065485
01021151462743786536865489
01021151462743786536865489
0951141492623626537365491
0951141492623626537365491
01031191562723756536965491
01031191562723756536965491
0941131502633616537465492
0941131502633616537465492
01021201632783806537465496
01021201632783806537465496
0981201712763746538065498
0981201712763746538065498
01041231762873886537665498
01041231762873886537665498
01001231822873866538365501
01001231822873866538365501
01051271922983996538265504
01051271922983996538265504
01031261912973966538465504
01031261912973966538465504
01061281943024026538265504
01061281943024026538265504
01001231862883836538365503
01001231862883836538365503
0831021431932476537165499
0831021431932476537165499
01001121251381736539165517
01001121251381736539165517
0931101461782366538165509
0931101461782366538165509
01051272122903916537665496
01051272122903916537665496
01101312233144276536465481
01101312233144276536465481
0861061652243056536865489
0861061652243056536865489
01061151211331716539465518
01061151211331716539465518
01001121381662206539365519
01001121381662206539365519
0981151842503486536165484
0981151842503486536165484
078981542082846536165478
078981542082846536165478
096104100991126536765493
096104100991126536765493
0991051121151386539765513
0991051121151386539765513
01051161732353266535265480
01051161732353266535265480
0831011602203126538065486
0831011602203126538065486
01161312183084356536965493
01161312183084356536965493
01061342523284316540665511
01061342523284316540665511
01071232313504526533765466
01071232313504526533765466
0971062413413906534565471
0971062413413906534565471
02165512221582236529065421
02165512221582236529065421
0654606541965455591846525965379
0654606541965455591846525965379
0654966540865448751676525965384
0654966540865448751676525965384
06552865414654541052036526765403
06552865414654541052036526765403
0186541965460991716525965396
0186541965460991716525965396
03565415654581091766525865389
03565415654581091766525865389
0286541165455981406525165371
0286541165455981406525165371
03265409654521091486525265376
03265409654521091486525265376
03165406654501021306525265368
03165406654501021306525265368
03465403654471021256525465368
03465403654471021256525465368
064654146545889956525965366
064654146545889956525965366
066654066544984776525965370
066654066544984776525965370
059653966543785736525965367
059653966543785736525965367
061653926543286726525765364
061653926543286726525765364
061653886542786696525565362
061653886542786696525565362
057653856542676626525865362
057653856542676626525865362
044653826542554446525965369
044653826542554446525965369
041653876543045296525865370
041653876543045296525865370
065516653666541243306524765360
065516653666541243306524765360
065401653366538945506524365356
065401653366538945506524365356
065378653396538956856524465360
065378653396538956856524465360
0652876539465441892186524765364
0652876539465441892186524765364
06526465535654831172166524665371
06526465535654831172166524665371
06526265469654711012056524565364
06526265469654711012056524565364
06526765418654731351916525265366
06526765418654731351916525265366
06541765404654952682836534865459
06541765404654952682836534865459
0654506538765477158856534065483
0654506538765477158856534065483
065457653716541528654756518465370
065457653716541528654756518465370
065449653606540565513654126498465189
065449653606540565513654126498465189
065420653676539965505654186489465057
065420653676539965505654186489465057
065323653856547465497654266489165052
065323653856547465497654266489165052
0653176538065381119466501865215
0653176538065381119466501865215
0653726541365392102706523065398
0653726541365392102706523065398
06538665449654102184026531965427
06538665449654102184026531965427
06535865392653951482126530165412
06535865392653951482126530165412
06537565350653721321956533365410
06537565350653721321956533365410
06543165383653852122516550518
06543165383653852122516550518
0654976545565401335432327475
0654976545565401335432327475
06551765360653731872826518765385
06551765360653731872826518765385
03565368653641101186517165346
03565368653641101186517165346
01365366653561201016525865417
01365366653561201016525865417
0826537065360194192171217
0826537065360194192171217
0326541065360206188232327
0326541065360206188232327
0546542865358222194306409
0546542865358222194306409
02426544765350193162288412
02426544765350193162288412
04196544165356210183302433
04196544165356210183302433
05496544565362293207320475
05496544565362293207320475
0286543965368384224321481
0286543965368384224321481
0654686545165371430241322482
0654686545165371430241322482
0654146544365366387212301428
0654146544365366387212301428
0653686543565360374203146289
0653686543565360374203146289
0444654536535535018354109
0444654536535535018354109
0637654676535433316111856
0637654676535433316111856
064465469653703982016544965320
064465469653703982016544965320
060565469653673741816528365232
060565469653673741816528365232
049465462653533111406524065217
049465462653533111406524065217
045765459653502861216525265215
045765459653502861216525265215
048965463653522991186530465206
048965463653522991186530465206
03986546365358192886515265209
03986546365358192886515265209
0195654586536536655076519665370
0195654586536536655076519665370
0259654366537553654686534965530
0259654366537553654686534965530
0151654296536265508654426521265375
0151654296536265508654426521265375
065471654926538465400654006505465189
065471654926538465400654006505465189
065271266553465431654446502465189
065271266553465431654446502465189
065254306553565445654626499365175
065254306553565445654626499365175
06525631165449654666499965180
06525631165449654666499965180
06525531165450654666500065181
06525531165450654666500065181
06525530165450654656499665176
06525530165450654656499665176
06525632265449654656499265172
06525632265449654656499265172
06525631265450654666499165168
06525631265450654666499165168
06525531265449654666498865166
06525531265449654666498865166
06525531265450654676498565162
06525531265450654676498565162
06525632365451654676498765164
06525632365451654676498765164
06525531465451654686498465160
06525531465451654686498465160
06525531365450654686498065156
06525531365450654686498065156
06525632365450654676498065157
06525632365450654676498065157
06525632465451654686498465165
06525632465451654686498465165
06525632465451654686498465163
06525632465451654686498465163
06525531365451654686498465164
06525531365451654686498465164
06525632365451654686498665167
06525632365451654686498665167
06525632565453654686498765170
06525632565453654686498765170
06525631465453654696499065171
06525631465453654696499065171
06525531465453654696498965171
06525531465453654696498965171
06525632465453654686498765168
06525632465453654686498765168
06525732565454654696498365164
06525732565454654696498365164
06525732465453654696498365162
06525732465453654696498365162
06525632465453654686498265161
06525632465453654686498265161
06525833465452654686498365162
06525833465452654686498365162
06525732565454654686498365163
06525732565454654686498365163
06525632565453654696498665166
06525632565453654696498665166
06525531465454654686498865169
06525531465454654686498865169
06525632565453654686498965170
06525632565453654686498965170
06525732565455654696499065170
06525732565455654696499065170
06525732465454654696498965169
06525732465454654696498965169
06525531465454654696498665164
06525531465454654696498665164
06525633565453654686498665164
06525633565453654686498665164
06525632565455654706498765163
06525632565455654706498765163
06525532565455654706498965166
06525532565455654706498965166
06525532465455654706499065168
06525532465455654706499065168
06525734665455654696499265170
06525734665455654696499265170
06525733565456654706499365170
06525733565456654706499365170
06525632565456654706499465171
06525632565456654706499465171
06525532465455654706499365171
06525532465455654706499365171
06525533565455654696499165169
06525533565455654696499165169
06525532565455654706498965166
06525532565455654706498965166
06525432565455654696498865165
06525432565455654696498865165
06525432465454654696498765164
06525432465454654696498765164
06525432565455654696498765165
06525432565455654696498765165
06525532565455654706498965167
06525532565455654706498965167
06525532565455654706499165169
06525532565455654706499165169
06525532565455654706499165169
06525532565455654706499165169
06525533665456654706499165169
06525533665456654706499165169
06525532665456654716499265169
06525532665456654716499265169
06525432565456654706499365171
06525432565456654706499365171
06525533565455654706499365170
06525533565455654706499365170
06525433665456654706499265170
06525433665456654706499265170
06525432565456654706499365171
06525432565456654706499365171
06525332565457654706499365171
06525332565457654706499365171
06525533565455654706499365171
06525533565455654706499365171
06525433665456654706499165169
06525433665456654706499165169
06525432565456654706499165168
06525432565456654706499165168
06525332565456654706499065167
06525332565456654706499065167
06525433565455654696498965166
06525433565455654696498965166
06525332665455654696498365160
06525332665455654696498365160
06525232565453654696498065156
06525232565453654696498065156
06524830465452654686497665153
06524830465452654686497665153
06524329465450654676497565151
06524329465450654676497565151
06525630465451654686497265148
06525630465451654686497265148
06525731465450654676497165147
06525731465450654676497165147
06525130465450654676497065146
06525130465450654676497065146
06525131565450654676496865145
06525131565450654676496865145
06524730565451654686496965144
06524730565451654686496965144
06524631565451654686497065146
06524631565451654686497065146
06524530465450654676496965146
06524530465450654676496965146
06523742365443654646496865144
06523742365443654646496865144
065223726553165432654546496565142
065223726553165432654546496565142
06522585365439654586496565141
06522585365439654586496565141
0652221691065445654656496165135
0652221691065445654656496165135
06522475065435654546496265138
06522475065435654546496265138
06522952365447654606496565138
06522952365447654606496565138
065237206550065441654146496565141
065237206550065441654146496565141
065308654016537465449653876504265182
065308654016537465449653876504265182
065364653556538965454653856512965209
065364653556538965454653856512965209
065402653706538965413653586512465208
065402653706538965413653586512465208
065531655026550065453654056519165218
065531655026550065453654056519165218
067818865519655226525965139
067818865519655226525965139
0921001019186525565182
0921001019186525565182
094848016276524065182
094848016276524065182
08471724236521965152
08471724236521965152
077586165528266522665197
077586165528266522665197
059426365513106520865165
059426365513106520865165
02493765512116522765196
02493765512116522765196
065476654696549165489654906522065129
065476654696549165489654906522065129
065442654446546065461654606523565126
065442654446546065461654606523565126
065442654496546465469654716525265178
065442654496546465469654716525265178
065439654456546365463654716525865173
065439654456546365463654716525865173
065445654516546265469654826524665156
065445654516546265469654826524665156
065444654496546265461654686524565166
065444654496546265461654686524565166
065429654356545865457654466525365164
065429654356545865457654466525365164
065426654346545765480654656527865184
065426654346545765480654656527865184
065416654276546665457654326528665216
065416654276546665457654326528665216
065419654296547865452654246529265231
065419654296547865452654246529265231
065419654346547765458654276529265235
065419654346547765458654276529265235
065402654136544765438654026525565208
065402654136544765438654026525565208
065395653936542465427653946523165179
065395653936542465427653946523165179
065377653756542365424653906521565169
065377653756542365424653906521565169
065365653586542365435653906519565149
065365653586542365435653906519565149
065353653506541365435653866518765135
065353653506541365435653866518765135
065341654006540265437653836517165118
065341654006540265437653836517165118
065307654336540365435653746516365094
065307654336540365435653746516365094
065292654466540865464653806510765142
065292654466540865464653806510765142
065299654126543265494654146507665241
065299654126543265494654146507665241
065320654406545365526654566518165294
065320654406545365526654566518165294
06535065459654749654716521565315
06535065459654749654716521565315
06536865474654652654606519865310
06536865474654652654606519865310
065407655116549527654776517965326
065407655116549527654776517965326
065391206547723654786515765312
065391206547723654786515765312
065380655356547815654676513265289
065380655356547815654676513265289
065345654296545965486653856508165241
065345654296545965486653856508165241
065353653806547265462653716505665206
065353653806547265462653716505665206
065364653736550265473653886509665234
065364653736550265473653886509665234
065340653926548165474653906508765219
065340653926548165474653906508765219
065351653656547865483654036513565250
065351653656547865483654036513565250
065340653366543065463653986511665219
065340653366543065463653986511665219
065288652956536365489654096513365240
065288652956536365489654096513365240
065263653356533365464653866514265233
065263653356533365464653866514265233
065252654206535165475653916510965210
065252654206535165475653916510965210
065247654506535165471653816511265236
065247654546535365501654116515365271
065247654546535365501654116515365271
065245654536535165508654236519465294
065245654536535165508654236519465294
065247654566535865515654266520465309
065247654566535865515654266520465309
065249654466535965514654306521865327
065249654466535965514654306521865327
065257653796536865512654286524765341
065257653796536865512654286524765341
065268652886536265515654356529865354
065268652886536265515654356529865354
065266653086534665513654386536565371
065266653086534665513654386536565371
065268653226534865509654416538165401
065268653226534865509654416538165401
065274653196535165511654496542765448
065274653196535165511654496542765448
065291653076535665518654446543865459
065291653076535665518654446543865459
065299653176538965514654696532565366
065299653176538965514654696532565366
065302653266545765517654726525165357
065302653266545765517654726525165357
065249653506541619256516265286
065249653506541619256516265286
065239653636543265496654726518165300
065239653636543265496654726518165300
065234653376542065509655176516465286
065234653376542065509655176516465286
065228653526542565526655076516865289
065228653526542565526655076516865289
065229653606541926206515465278
065229653606541926206515465278
06523165367654262986516165282
06523165367654262986516165282
065232653666542646536514965275
065232653666542646536514965275
065234653696542847546515165277
065234653696542847546515165277
065235653836542829106515265278
065235653836542829106515265278
06523565390654254655206515165273
06523565390654254655206515165273
065235653866542665513655166516065277
065235653866542665513655166516065277
065235653966543065499654856517865289
065235653966543065499654856517865289
065235654106542865498654856516765280
065235654106542865498654856516765280
065233654026542465497654886514765266
065233654026542465497654886514765266
065232654076543065481654716516465281
065232654076543065481654716516465281
065233654166543465481654696517365292
065233654166543465481654696517365292
065233654236543865483654636518165299
065233654236543865483654636518165299
065233654236543765489654806517865296
065233654236543765489654806517865296
065232654266543965491654806518165299
065232654266543965491654806518165299
065232654266543865492654826518365300
065232654266543865492654826518365300
065231654286543865498654906517965296
065231654286543865498654906517965296
065230654336543565496654876518165297
065230654336543565496654876518165297
065230654386543365492654846517765294
065230654386543365492654846517765294
065233654386542465497654906516265283
065233654386542465497654906516265283
065241654376543065493654826517165294
065241654376543065493654826517165294
065245654366543165495654886517765296
065245654366543165495654886517765296
065248654346543065490654856517465291
065248654346543065490654856517465291
065251654336542565489654856515965276
065251654336542565489654856515965276
065251654476542665512655016514865262
065251654476542665512655016514865262
065228654066542465509654866516165269
065229653586543065497654646518165285
065229653586543065497654646518165285
065234653436542265505654846516165268
065234653436542265505654846516165268
06523265336654226553016515665271
06523265336654226553016515665271
065229653356542365515655156516865281
065229653356542365515655156516865281
065227653356542365515655066516865282
065227653356542365515655066516865282
065227653306542165512655096516565281
065227653306542165512655096516565281
065228653276542465504654966517765291
065228653276542465504654966517765291
065223653336542665486654896519065305
065223653336542665486654896519065305
065219654106544065482654826520365313
065219654106544065482654826520365313
065221654496544865477654616521065322
065221654496544865477654616521065322
065221654426544465481654766520065311
065221654426544465481654766520065311
065221654346544265481654806519665308
065221654346544265481654806519665308
065220654366544365485654846519865311
065220654366544365485654846519865311
065220654516544865483654716521165322
065220654516544865483654716521165322
065221654376544265492654676520065312
065221654376544265492654676520065312
065226654276544065491654516519565315
065226654276544065491654516519565315
065239653616542865492654656516265292
065239653616542865492654656516265292
065237653776543565473654336514165272
065237653776543565473654336514165272
065231653926542165464654516511565250
065231653926542165464654516511565250
065230286542965464654296513065256
065230286542965464654296513065256
0652271406541565454654516511065241
0652271406541565454654516511065241
0652311316542965461654176512665254
0652311316542965461654176512665254
0652282126541965453654406510065232
0652282126541965453654406510065232
065228606542765462654216511465248
065228606542765462654216511465248
065228246541865456654336509265226
065228246541865456654336509265226
065229866542365455654146509865234
065229866542365455654146509865234
06522976542365454654256510865236
06522976542365454654256510865236
065232654046542665469654456514965274
065232654046542665469654456514965274
065229653856542365475654486514765269
065229653856542365475654486514765269
065222653716541765476654136513365259
065222653716541765476654136513365259
065255653336540965451653986511865237
065255653336540965451653986511865237
065314653596542465494654366509465227
065314653596542465494654366509465227
06534265368654272586510465233
06534265368654272586510465233
065357653596542365502654816503865172
065357653596542365502654816503865172
065358653706544865505655086504565085
065358653706544865505655086504565085
065347653836545565499654876504065075
065347653836545565499654876504065075
065341653796544565493654846502265073
065341653796544565493654846502265073
065319653606542265501655066503165083
065319653606542265501655066503165083
065298653506539365524655196499465110
065298653506539365524655196499465110
065240652856534365464654226493165091
065240652856534365464654226493165091
065253652766532465529653976491265081
065253652766532465529653976491265081
065221652806537065523654136495065126
065221652806537065523654136495065126
065215652956548165523654296499865180
065215652956548165523654296499865180
065216652846546065521654256499065171
065216652846546065521654256499065171
065227652676536832654196495965122
065227652676536832654196495965122
065239652666533137654226493365085
065239652666533137654226493365085
065233652646534733654196492865079
065233652646534733654196492865079
065221652716536119654196492865080
065221652716536119654196492865080
06521565298653815654186494165094
06521565298653815654186494165094
06521565312654041654196495665106
06521565312654041654196495665106
065215653116539310654206495565106
065215653116539310654206495565106
065215653056537637654236495465106
065215653056537637654236495465106
065224652696532749654266495365105
065224652696532749654266495365105
065215652706538565511653916499265150
065215652706538565511653916499265150
065215652776535165460654216504265209
065215652776535165460654216504265209
065261653066537265440654816511365251
065261653066537265440654816511365251
065330653536541365460654646501165111
065330653536541365460654646501165111
065375653966544665484654646503665121
065375653966544665484654646503665121
065386654036545165494654806504465127
065386654036545165494654806504465127
065389654026545065509654926505465144
065400654136547565512655176505365131
065400654136547565512655176505365131
065411654216548465499654936506065153
065411654216548465499654936506065153
065416654276549365515655316506565155
065416654276549365515655316506565155
065414654176547565499655086505365145
065414654176547565499655086505365145
065409654096546765500655146504365145
065409654096546765500655146504365145
065414654196547565505655346504465145
065414654196547565505655346504465145
065409654196547465501655346504365143
065409654196547465501655346504365143
065412654226547365500655326504265143
065412654226547365500655326504265143
065414654216546865509655026504565145
065414654216546865509655026504565145
065413654226547065513654936505465149
065413654226547065513654936505465149
065408654166546865512654926505065146
065408654166546865512654926505065146
065406654116546465507654856504365142
065406654116546465507654856504365142
065408654106546565506654846504465143
065408654106546565506654846504465143
065408654096546465505654846504365142
065408654096546465505654846504365142
065406654086546465504654886504265140
065406654086546465504654886504265140
065406654076545565495654656503865143
065406654076545565495654656503865143
065413654166545265507654466504165147
065413654166545265507654466504165147
065410654106545565516654576503865147
065410654106545565516654576503865147
065406654056545365505654546503765146
065406654056545365505654546503765146
065411654146545065508654436504065148
065411654146545065508654436504065148
065414654236545665517654426504665138
065414654236545665517654426504665138
065424654296547365523654626504965131
065424654296547365523654626504965131
06543265437654883654866505465136
06543265437654883654866505465136
06542565432654800654726505065132
06542565432654800654726505065132
06542165427654782654666504665124
06542165427654782654666504665124
065415654196547265535654536504765127
065415654196547265535654536504765127
065410654176546965531654546505765145
065410654176546965531654546505765145
065402654096546565505654546505865156
065402654096546565505654546505865156
065408654086545765521654726506365170
065408654086545765521654726506365170
065371653826545865525654666506265161
065371653826545865525654666506265161
065349653846546265527654726506565168
065349653846546265527654726506565168
065321653916546865496655226506365164
065321653916546865496655226506365164
065295653856546865514655066506065173
065295653856546865514655066506065173
065289653866548065530655226506565184
065289653866548065530655226506565184
065293653886548665531655356507065192
065293653886548665531655356507065192
06529365401654926552556507565203
06529365401654926552556507565203
065278653906549565530296508365209
065278653906549565530296508365209
065273653906550265523206508365209
065273653906550265523206508365209
065284653936551165522206508665212
065284653936551165522206508665212
06529265392655146553296508065208
06529265392655146553296508065208
0652926538765506886507865201
0652926538765506886507865201
065290653906549765535655196508065201
065290653906549765535655196508065201
065288653946549565532655256508365198
065288653946549565532655256508365198
065293653976549765529655226508865207
065293653976549765529655226508865207
065296653986549765530655356509365208
065296653986549765530655356509365208
065292653896548965525655266508465202
065292653896548965525655266508465202
06533865394655004136505965190
06533865394655004136505965190
06541465428655153116504965176
06541465428655153116504965176
06541265425655143116505565187
06541265425655143116505565187
0654076542265508166505065179
0654076542265508166505065179
065410654236550765528136505265182
065410654236550765528136505265182
065404654146549365512655356504865171
065404654146549365512655356504865171
065298653476543065488654516504065148
065298653476543065488654516504065148
065265653056541665491654416504065129
065265653056541665491654416504065129
06526465289654525654926505665198
06526465289654525654926505665198
065265652896544665524655256510565250
065265652896544665524655256510565250
065262652886545565507655336512465262
065262652886545565507655336512465262
065268652886544465518655146511265246
065268652886544465518655146511265246
065281652926544065507654956509865229
065281652926544065507654956509865229
065284652946543665507654996509465221
065284652946543665507654996509465221
065283652936543165508654926508865217
065283652936543165508654926508865217
065281652986543565522655026509865229
065281652986543565522655026509865229
06527865305654381655086510365230
06527865305654381655086510365230
065258652976542465527196511365233
065258652976542465527196511365233
065241652876539965497654936511065225
065241652876539965497654936511065225
065238652846539865497336512765241
065238652846539865497336512765241
0652446528965395655162346514265257
0652446528965395655162346514265257
0652476529165397655322526514365262
0652476529165397655322526514365262
0652466529165398655322266513865260
0652466529165398655322266513865260
065249652936539851655246512765255
065249652936539851655246512765255
065250652946540065501654516511865251
065250652946540065501654516511865251
065249652936539965497654536511565250
065249652936539965497654536511565250
065250652956539865492654536511465248
065250652956539865492654536511465248
065252652956539865490654536511165245
065252652956539865490654536511165245
065252652966539965489654506510865242
065252652966539965489654506510865242
065251652956539765487654456510465237
065251652956539765487654456510465237
065249652936539565482654336508965224
065249652936539565482654336508965224
065249652926539465479654296508165199
065249652926539465479654296508165199
065250652946539565480654286507865196
065250652946539565480654286507865196
065249652946539665483654306507665192
065249652946539665483654306507665192
065249652926539665485654316507365189
065249652926539665485654316507365189
065250652926539665484654316507365187
065250652926539665484654316507365187
065251652946539765485654316507265186
065251652946539765485654316507265186
065251652946539665485654326507165186
065251652946539665485654326507165186
065250652946539665485654326507065185
065250652946539665485654326507065185
065250652926539765485654336507065185
065250652926539765485654336507065185
065248652906539865485654326506865184
065248652906539865485654326506865184
065247652906539865485654326507065186
065247652906539865485654326507065186
065246652896539765485654326506965185
065246652896539765485654326506965185
065247652906539765483654316507065185
065247652906539765483654316507065185
065250652926539765483654306506865184
065250652926539765483654306506865184
065248652926539665483654306506965187
065248652926539665483654306506965187
065247652916539665483654306507165188
065247652916539665483654306507165188
065248652926539665481654296507165188
065248652926539665481654296507165188
065249652926539665481654296507065187
065249652926539665481654296507065187
065248652936539665483654316507265189
065248652936539665483654316507265189
065248652926539665490654356507465192
065248652926539665490654356507465192
065249652956539665493654346507665194
065249652956539665493654346507665194
065248652956539565497654356507565193
065248652956539565497654356507565193
065249652976539565498654356507565193
065249652976539565498654356507565193
065248652956539565500654356507665194
065248652956539565500654356507665194
065248652966539665500654336507565194
065248652966539665500654336507565194
065253653016539465502654346507565193
065253653016539465502654346507565193
065256653046539265501654316507865196
065256653046539265501654316507865196
065260653076538965503654206508265200
065260653076538965503654206508265200
065261653096539065504654176507965198
065261653096539065504654176507965198
065258653056539165506654196507965197
065258653056539165506654196507965197
065254653016539165506654196508165199
065254653016539165506654196508165199
065256653016539065507654206508265200
065256653016539065507654206508265200
065266653146538965510654196508065184
065266653146538965510654196508065184
065271653206539765504654276507165115
065271653206539765504654276507165115
06534265373654284676503465134
06534265373654284676503465134
06542765443655071631916504265212
06542765443655071631916504265212
06549965485612903306504865277
06549965485612903306504865277
0141791872342226540765436
0141791872342226540765436
013114616765440653426538565450
013114616765440653426538565450
06531419513765333652506495165091
06531419513765333652506495165091
06524620812065296652126490465059
06524620812065296652126490465059
06524020612065295652116490465059
06524020612065295652116490465059
06523522014065292652086490565059
06523522014065292652086490565059
06523521814565290652076490565059
06523521814565290652076490565059
06524021014065288652046490565059
06524021014065288652046490565059
06526418613765283651986490865059
06526418613765283651986490865059
06527717514965279651946490965059
06527717514965279651946490965059
06526919515565279651946490965058
06526919515565279651946490965058
06526419915965279651946490965058
06526419915965279651946490965058
06524620815365281651966491165060
06524620815365281651966491165060
06523621114865284651986491165060
06523621114865284651986491165060
06523621314565284651986491165060
06523621314565284651986491165060
06523621314265285651996491065059
06523621314265285651996491065059
06523521013765286652006490965060
06523521013765286652006490965060
06523420712965287652006490865059
06523420712965287652006490865059
06523420812865287652006490865059
06523420812865287652006490865059
06523421213565287652016490765058
06523421213565287652016490765058
06523320813265288652036490765059
06523320813265288652036490765059
06523321413865288652026490665059
06523321413865288652026490665059
06523321213765409653346490665059
06523321213765409653346490665059
06523221313865415653416490665058
06523221313865415653416490665058
06523221313765413653406490765059
06523221313765413653406490765059
06523221213565343652636490665059
06523221213565343652636490665059
06523221313665287652006490565058
06523221313665287652006490565058
06523221513965317652356490665058
06523221513965317652356490665058
06523221313965288652036490665059
06523221313965288652036490665059
06523919711965290652066490665059
06523919711965290652066490665059
06524620812865290652046490565058
06524620812865290652046490565058
06530016913965282651966490565058
06530016913965282651966490565058
0654026213565272651816490665060
0654026213565272651816490665060
0654246715665273651806490865061
0654246715665273651806490865061
06523720412565297652096490365059
06523720412565297652096490365059
0652411298165321652306489765056
0652411298165321652306489765056
06526710165373652906489865056
06526710165373652906489865056
0652461138565386653246489765056
0652461138565386653246489765056
06524720615865326652426489665056
06524720615865326652426489665056
06524820515265421653466489565055
06524820515265421653466489565055
06524820615265419653436489465054
06524820615265419653436489465054
06525020715365419653446489465054
06525020715365419653446489465054
06525320815465420653446489365054
06525320815465420653446489365054
06525520915465432653586489565055
06525520915465432653586489565055
06525420915465442653686489665056
06525420915465442653686489665056
06526121515965442653696489765056
06526121515965442653696489765056
06526221516165444653706489765056
06526221516165444653706489765056
06525921315865443653716489765056
06525921315865443653716489765056
06525721315865443653706489765056
06525721315865443653706489765056
06525921415865442653706489765056
06525921415865442653706489765056
06525921515965443653716489665056
06525921515965443653716489665056
06525821515965443653716489765056
06525821515965443653716489765056
06525721315865443653716489765056
06525721315865443653716489765056
06525821415865442653696489665056
06525821415865442653696489665056
06525821315865443653716489665055
06525821315865443653716489665055
06525821315865442653716489765056
06525821315865442653716489765056
06525821515865442653706489665056
06525821515865442653706489665056
06525821716165442653696489665056
06525821716165442653696489665056
06531019015065428653526491265074
06531019015065428653526491265074
0201187195123646519665384
0201187195123646519665384
0653696539465522102426525765359
0653696539465522102426525765359
065234653576546365519654616520965306
065234653576546365519654616520965306
065227654066544265449654196514365250
065227654066544265449654196514365250
065227654016545265503654266515765273
065227654016545265503654266515765273
06534365405565512654686514465247
06534365405565512654686514465247
01071271493536529665337
01071271493536529665337
010916721851476528865143
010916721851476528865143
015823627556776521965158
015823627556776521965158
0111999965513654616509365146
0111999965513654616509365146
06530286548265476654056504365140
06530286548265476654056504365140
06523816610225655226493965094
06523816610225655226493965094
0652412091721741036493265093
0652412091721741036493265093
0652422091722101366493865097
0652422091722101366493865097
0652422091732171416493765096
0652422091732171416493765096
0652432091722201436493765095
0652432091722201436493765095
0652422081732221436493665095
0652422081732221436493665095
0652432091722231446493565094
0652432091722231446493565094
0652432091732251456493465093
0652432091732251456493465093
0652432081722251466493465093
0652432081722251466493465093
0652422081722261456493365093
0652422081722261456493365093
0652432091732271456493365092
0652432091732271456493365092
0652432091732281476493165091
0652432091732281476493165091
0652432081722281466493265092
0652432081722281466493265092
0652422081722281466493165091
0652422081722281466493165091
0652432091732281466493065090
0652432091732281466493065090
0652432091732291476492965089
0652432091732291476492965089
0652432081722291476493065091
0652432081722291476493065091
0652422081722291476492965090
0652422081722291476492965090
0652432091732291476492965090
0652432091732291476492965090
0652432091732301486492965089
0652432091732301486492965089
0652432081732301486492965090
0652432081732301486492965090
0652432091722301476492965090
0652432091722301476492965090
0652442091732301476492865090
0652442091732301476492865090
0652432091732311486492865089
0652432091732311486492865089
0652422071722301486492665088
0652422071722301486492665088
0652422081722301476492365086
0652422081722301476492365086
0652432081732311476492165085
0652432081732311476492165085
0652422081732311486492265084
0652422081732311486492265084
0652422081732311486492365085
0652422081732311486492365085
0652432091722281456492265084
0652432091722281456492265084
065240209180174456492065083
065240209180174456492065083
06524355209654876496465154
06524355209654876496465154
065294654855112654566503565231
065294654855112654566503565231
0653833915455654966508565274
0653833915455654966508565274
0193218247119196534465473
0193218247119196534465473
02012051718165507654248
02012051718165507654248
018654896551547654876537065443
018654896551547654876537065443
0654036533065427113286532265422
0654036533065427113286532265422
0653956533865419169766536765442
0653956533865419169766536765442
0653526531965412103406519465316
0653526531965412103406519465316
065292653156537125654936508065242
065292653156537125654936508065242
065371653106534265465653966502265152
065371653106534265465653966502265152
065398653426539965421653496503065151
065398653426539965421653496503065151
065384654086546865435653866507565196
065384654086546865435653866507565196
065381654126550165426653716502265151
065381654126550165426653716502265151
065377654056548765426653736503865155
065377654056548765426653736503865155
065378654106548565420653646501565141
065378654106548565420653646501565141
065376654126549265434653926503265152
065376654126549265434653926503265152
065391654136544265419653816504565189
065391654136544265419653816504565189
065359654106535765428654126489365074
065359654106535765428654126489365074
065350654126535065432654106489565067
065350654126535065432654106489565067
065345654096535465436654016489165065
065345654096535465436654016489165065
065321654116534665470654076489365055
065321654116534665470654076489365055
065292654176535165504654236489365050
065292654176535165504654236489365050
065274654056534965504654346489265050
065274654056534965504654346489265050
065277653986535065499654326489265050
065277653986535065499654326489265050
065278653956535665497654316489465050
065278653956535665497654316489465050
065280653956536965492654296489365050
065280653956536965492654296489365050
065282653956537665489654276489465050
065282653956537665489654276489465050
065281653966537865488654266489465050
065281653966537865488654266489465050
065280653966538165486654256489465050
065280653966538165486654256489465050
065281653986538565484654236489465050
065281653986538565484654236489465050
065281653986538665482654236489465050
065281653986538665482654236489465050
065280653986538665481654226489465050
065280653986538665481654226489465050
065279653976538765479654196489465050
065279653976538765479654196489465050
065279653986539065477654176489465050
065279653986539065477654176489465050
065278653986539265477654176489565050
065278653986539265477654176489565050
065278653976538865478654176489465050
065278653976538865478654176489465050
065279653976538165479654186489365050
065279653976538165479654186489365050
065280653996538265479654176489365050
065280653996538265479654176489365050
065279653986538265477654176489465050
065279653986538265477654176489465050
065277653986538665475654156489465050
065277653986538665475654156489465050
065278653986538965473654156489365050
065278653986538965473654156489365050
065278654006539265473654156489365050
065278654006539265473654156489365050
065276653996539265473654166489565050
065276653996539265473654166489565050
065265653976536865478654056490065050
065265653976536865478654056490065050
065258654066535265480653976491365050
065258654066535265480653976491365050
065255654096535265478653916491665051
065255654096535265478653916491665051
065253654136535065479653896491665050
065253654136535065479653896491665050
065251654146534865478653866491565051
065251654146534865478653866491565051
065249654116534665477653836491865052
065249654116534665477653836491865052
065244654136534865478653866491965052
065244654136534865478653866491965052
065246654206534765479653856492565054
065246654206534765479653856492565054
065246654246534565478653836492665055
065246654246534565478653836492665055
065251654296534365489653806492665056
065251654296534365489653806492665056
065253654246534965479653846491765053
065253654246534965479653846491765053
065252654196534865474653796490765051
065252654196534865474653796490765051
065252654226534765493653796491065053
065252654226534765493653796491065053
065249654256535065490653786491765055
065249654256535065490653786491765055
065247654246535365497653816491565052
065247654246535365497653816491565052
065256654276534465440653806492865061
065256654276534465440653806492865061
065257654106534165412653856496865086
065257654106534165412653856496865086
065258654156534265414653816500165106
065258654156534265414653816500165106
065276654196535165475654206498265109
065276654196535165475654206498265109
065278654226535165474654226493565082
065278654226535165474654226493565082
065258654286535165489654266489065050
065258654286535165489654266489065050
065235654196540665504654286491765051
065235654196540665504654286491765051
065227654326543365525654466488865050
065227654326543365525654466488865050
065225654326544365528654526489265050
065225654326544365528654526489265050
065221654276545065530654526489565050
065221654276545065530654526489565050
065222654286543765525654496489665050
065222654286543765525654496489665050
065224654286543565522654486490065050
065224654286543565522654486490065050
065224654276544665523654466490065050
065224654276544665523654466490065050
065224654266544365521654466489965050
065224654266544365521654466489965050
065225654266544165520654446489765050
065225654266544165520654446489765050
065225654256543765519654456489765050
065225654266543865518654456489765050
065225654266543865518654456489765050
065226654276543665516654456489665050
