065519106540526576640
02201731655350
02201731655350
02201731655350
02201731655350
03301631655350
03301631655350
033017306553465535
033017306553465535
033016306553565535
033016306553565535
02201629655350
02201629655350
03401529655350
03401529655350
033016296553465534
033016296553465534
032016296553565535
032016296553565535
022016296553565535
022016296553565535
034015286553565535
034015286553565535
033016296553465534
033016296553465534
03201629655350
03201629655350
022016296553565535
022016296553565535
033014286553565535
033014286553565535
033016296553565534
033016296553565534
03301529655350
03301529655350
023015296553565535
023015296553565535
033015286553565535
033015286553565535
033016296553565535
033016296553565535
032015296553565535
032015296553565535
033015296553565535
033015296553565535
033015286553465535
033015286553465535
033016296553565535
033016296553565535
03201629655350
03201629655350
02301529655350
02301529655350
033015276553465535
033015276553465535
033016296553565535
033016296553565535
02201528655350
02201528655350
02201528655350
02201528655350
032016286553465535
032016286553465535
022016306553565535
022016306553565535
02201630655350
02201630655350
02306551446553465531
02306551446553465531
05365435036795141
05365435036795141
0291653360231433200170
0291653360231433200170
0285653460310585262222
0285653460310585262222
0234652870264499250217
0234652870264499250217
0150652020232545218164
0150652020232545218164
09865152010018911954
09865152010018911954
039651550468311552
039651550468311552
019652460634212168
019652460634212168
026519501162054065531
026519501162054065531
0965203019319011027
0965203019319011027
01865209014821310526
01865209014821310526
0246521101772309725
0246521101772309725
03265220021024611938
03265220021024611938
03365218027425211731
03365218027425211731
0406522302382418712
0406522302382418712
076519602534108819
076519602534108819
017652090258991311
017652090258991311
012651950184123655134
012651950184123655134
056520901251506551065530
056520901251506551065530
086522901161566551065528
086522901161566551065528
01665244067137655123
01665244067137655123
01665237065124655130
01665237065124655130
08652320671456551165527
08652320671456551165527
08652410581376551165535
08652410581376551165535
0565240065528655226551065526
0565240065528655226551065526
02265245072696551065522
02265245072696551065522
04665232094796552165534
04665232094796552165534
0366522501131024934
0366522501131024934
04365225098854834
04365225098854834
0486521007549618
0486521007549618
0156514605542328
0156514605542328
09651670104727053
09651670104727053
065533651560892439325
065533651560892439325
036515805814513083
036515805814513083
0148652440577617482
0148652440577617482
01216522301348229194
01216522301348229194
01346518806552978259237
01346518806552978259237
0366520801143269177
0366520801143269177
0165226068131218101
0165226068131218101
0365237098171309177
0365237098171309177
0406522411487139281241
0406522411487139281241
026765327115139184361439
026765327115139184361439
036165384323174255373356
036165384323174255373356
0332653630181232349333
0332653630181232349333
0443654430210227492486
0443654430210227492486
0482654840295274464471
0482654840295274464471
0491654810531467383373
0491654810531467383373
0508655130586503332316
0508655130586503332316
0507655150583506331314
0507655150583506331314
0499655100587507330313
0499655100587507330313
0490655050589511328311
0490655050589511328311
0477654940586512326309
0477654940586512326309
0467654840579508326309
0467654840579508326309
0453654710547493324307
0453654710547493324307
0442654590507465321304
0442654590507465321304
0435654490485449317301
0435654490485449317301
0426654410471439316301
0426654410471439316301
0419654350450421316300
0419654350450421316300
0420654360464432315300
0420654360464432315300
0420654370476442315300
0420654370476442315300
0421654370475441315300
0421654370475441315300
0416654320471436315300
0416654320471436315300
0404654230444414313299
0404654230444414313299
0390654150426400313297
0390654150426400313297
0386654120426397313298
0386654120426397313298
0383654090429402312298
0383654090429402312298
0411654310453423314299
0411654310453423314299
0438654510468430318301
0438654510468430318301
0430654440482433322305
0430654440482433322305
0435654590545481328308
0435654590545481328308
0445654630569508320301
0445654630569508320301
0307653340576514314291
0307653340576514314291
028265287109551407316294
028265287109551407316294
0247652810180197318294
0247652810180197318294
0244653000134166314286
0244653000134166314286
0236653000133165318288
0236653000133165318288
0231652950138164320290
0231652950138164320290
0231652920140163321293
0231652920140163321293
0219652840145163321294
0219652840145163321294
0245653060144164322296
0245653060144164322296
0261653180143164322298
0261653180143164322298
0256653130145167323299
0256653130145167323299
0253653130149170322299
0253653130149170322299
0246653110151172323301
0246653110151172323301
0242653030157176323301
0242653030157176323301
0248653030155175323300
0248653030155175323300
0249652950160182322301
0249652950160182322301
0284652960448389328310
0284652960448389328310
0361653670543498329310
0361653670543498329310
0429654470531483328310
0429654470531483328310
0443654700559516329309
0443654700559516329309
0456654900516470329310
0456654900516470329310
0435654680542496330311
0435654680542496330311
0492655170595532339316
0492655170595532339316
051100605538333310
051100605538333310
0507655340605538331310
0507655340605538331310
0503655300603537330309
0503655300603537330309
0500655250601535328307
0500655250601535328307
0495655200599534329306
0495655200599534329306
0494655180598534329307
0494655180598534329307
0491655150596533328306
0491655150596533328306
0486655120594531327305
0486655120594531327305
0484655100593531328305
0484655100593531328305
0483655090593531329306
0483655090593531329306
0485655090592531329306
0485655090592531329306
0485655090592530328307
0485655090592530328307
0486655100592531330307
0486655100592531330307
0485655100592531330307
0485655100592531330307
0485655090591531330307
0485655090591531330307
0486655100591530328306
0486655100591530328306
0485655100592531330307
0485655100592531330307
0485655090592531330307
0485655090592531330307
0486655090591531331308
0486655090591531331308
0486655090591530330307
0486655090591530330307
0485655090591530330307
0485655090591530330307
0483655080591530330307
0483655080591530330307
0484655080590529330308
0484655080590529330308
0485655080590530329307
0485655080590530329307
0485655090591530330307
0485655090591530330307
0484655080590530330307
0484655080590530330307
0484655080590529330307
0484655080590529330307
0483655070590529329306
0483655070590529329306
0483655070590529329307
0483655070590529329307
0482655060590529329306
0482655060590529329306
0483655070589528328306
0483655070589528328306
0483655070589528328305
0483655070589528328305
0482655070589528328306
0482655070589528328306
0481655050588528328305
0481655050588528328305
0481655060587527327305
0481655060587527327305
0481655050587527327304
0481655050587527327304
0480655050587527327304
0480655050587527327304
0480655040587527327304
0480655040587527327304
0481655050587526326304
0481655050587526326304
0481655050587526327303
0481655050587526327303
0481655050587527327304
0481655050587527327304
0481655050587527327305
0481655050587527327305
0482655060587526326305
0482655060587526326305
0482655060588527327304
0482655060588527327304
0483655080588528327304
0483655080588528327304
0485655110590530327305
0485655110590530327305
0488655160592531326305
0488655160592531326305
0491655190595533328306
0491655190595533328306
0490655190596534328307
0490655190596534328307
0489655180595534328307
0489655180595534328307
0487655150595533327306
0487655150595533327306
0486655140594533328306
0486655140594533328306
0484655130594532328306
0484655130594532328306
0484655120593532328306
0484655120593532328306
0485655130592531327305
0485655130592531327305
0485655140593532328306
0485655140593532328306
0484655130592532328306
0484655130592532328306
0484655130592531328306
0484655130592531328306
0485655120591530327306
0485655120591530327306
0485655120592531328306
0485655120592531328306
0486655130593532329307
0486655130593532329307
0486655140593531328306
0486655140593531328306
0477655040585525327305
0477655040585525327305
0459654870577517326303
0459654870577517326303
0460654850566512330306
0460654850566512330306
0461654810540489328303
0461654810540489328303
0454654750539489326301
0454654750539489326301
0449654700537488325300
0449654700537488325300
0444654670534484325299
0444654670534484325299
0443654660533481323298
0443654660533481323298
0441654650532480322297
0441654650532480322297
0439654640532479322298
0439654640532479322298
0436654610530477321297
0436654610530477321297
0437654610528474321296
0437654610528474321296
0444654640528475323296
0444654640528475323296
0442654650539489325299
0442654650539489325299
0444654690560507327301
0444654690560507327301
0460654860570514327302
0460654860570514327302
0469654930575518330303
0469654930575518330303
0471654950575517331304
0471654950575517331304
0472654960576518331304
0472654960576518331304
0473654980576518330304
0473654980576518330304
0473654980577519331303
0473654980577519331303
0466654910573516331303
0466654910573516331303
0451654720561508330303
0451654720561508330303
0452654700553501329306
0452654700553501329306
0454654710549498329306
0454654710549498329306
0456654720547496329307
0456654720547496329307
0462654740536489327306
0462654740536489327306
0468654780528479325305
0468654780528479325305
0463654740527479326305
0463654740527479326305
0452654690549499331306
0452654690549499331306
0462654830566512331304
0462654830566512331304
0466654880569514330303
0466654880569514330303
0468654920573517331305
0468654920573517331305
0472654980578521330305
0472654980578521330305
0476655020580523330306
0476655020580523330306
0475655000578521331305
0475655000578521331305
0461654860567513333308
0461654860567513333308
0457654780560508332310
0457654780560508332310
0457654790558506331310
0457654790558506331310
0457654790560508332310
0457654790560508332310
0455654770562509332309
0455654770562509332309
0453654760563510332307
0453654760563510332307
0453654760562509331305
0453654760562509331305
0454654770564510331303
0454654770564510331303
0457654810565511331303
0457654810565511331303
0458654820566512331303
0458654820566512331303
0460654840566511330303
0460654840566511330303
0460654840566512330302
0460654840566512330302
0457654820566512330303
0457654820566512330303
0454654780565511330302
0454654780565511330302
0452654760563509329302
0452654760563509329302
0450654740564510329301
0450654740564510329301
0446654710562508328301
0446654710562508328301
0445654680560507328300
0445654680560507328300
0444654710563508326299
0444654710563508326299
0458654860573516324300
0458654860573516324300
0470654950579520325302
0470654950579520325302
0473654980580522325302
0473654980580522325302
0474655000581522323301
0474655000581522323301
0474654990580521324302
0474654990580521324302
0473654990581521324301
0473654990581521324301
0475655000581522324302
0475655000581522324302
0475655010581522323301
0475655010581522323301
0474655010580522324302
0474655010580522324302
0473654990580522324303
0473654990580522324303
0476655020581523325303
0476655020581523325303
0477655040582524324302
0477655040582524324302
0477655040582524325303
0477655040582524325303
0472655010582524325303
0472655010582524325303
0460654870576520325303
0460654870576520325303
0471654970582524329305
0471654970582524329305
0485655080586527333308
0485655080586527333308
0486655070586526334310
0486655070586526334310
0487655080584525334311
0487655080584525334311
0489655090585525334311
0489655090585525334311
0490655100585526335313
0490655100585526335313
0489655100584525334312
0489655100584525334312
0488655100584524334311
0488655100584524334311
0486655100585525333308
0486655100585525333308
0484655080586526332306
0484655080586526332306
0483655060587526330305
0483655060587526330305
0484655070587526328305
0484655070587526328305
0484655070587526328303
0484655070587526328303
0483655070586526329304
0483655070586526329304
0482655060584524331305
0482655060584524331305
0480655040582522331305
0480655040582522331305
0479655010582522331304
0479655010582522331304
0478655000581522331305
0478655000581522331305
0478655000580521331305
0478655000580521331305
0479655010580520330306
0479655010580520330306
0480655010580520330306
0480655010580520330306
0479655010579520330307
0479655010579520330307
0479655000579520330306
0479655000579520330306
0480655000579520329305
0480655000579520329305
0479655000579520330305
0479655000579520330305
0478655000579520331305
0478655000579520331305
0479655000578520330305
0479655000578520330305
0479655000579519330304
0479655000579519330304
0479655000579520331305
0479655000579520331305
0479655000579521331307
0479655000579521331307
0480655010578519331307
0480655010578519331307
0480655010578519330307
0480655010578519330307
0480655010578520331308
0480655010578520331308
0479655000578520331308
0479655000578520331308
0481655010578520331308
0481655010578520331308
0481655020579520331307
0481655020579520331307
0480655020579520332308
0480655020579520332308
0479655010578520332309
0479655010578520332309
0479655010577519331309
0479655010577519331309
0480655010578520330308
0480655010578520330308
0479655010578520331308
0479655010578520331308
0479655010578520331308
0479655010578520331308
0479655010577519331308
0479655010577519331308
0479655010577519331307
0479655010577519331307
0479655000578519331308
0479655000578519331308
0479655000577519331308
0479655000577519331308
0479655010577518330308
0479655010577518330308
0480655010576518330307
0480655010576518330307
0479655010576518330308
0479655010576518330308
0478654990576518330308
0478654990576518330308
0478654990575517329306
0478654990575517329306
0477654990576518329304
0477654990576518329304
0475654980577518329302
0475654980577518329302
0475654970577518329302
0475654970577518329302
0476654980575517328302
0476654980575517328302
0478654990575517329304
0478654990575517329304
0479655010575517329307
0479655010575517329307
0483655020574517329308
0483655020574517329308
0484655040574516327307
0484655040574516327307
0484655030575517329308
0484655030575517329308
0481655020575517329308
0481655020575517329308
0481655020575517329308
0481655020575517329308
0480655010575517328306
0480655010575517328306
0479655000575518329306
0479655000575518329306
0477654980576518330305
0477654980576518330305
0477654990576518330304
0477654990576518330304
0479655010578519330303
0479655010578519330303
0479655020579520331306
0479655020579520331306
0456654770571517331309
0456654770571517331309
0456654820573517330309
0456654820573517330309
0463654860571516328307
0463654860571516328307
0459654780566513328308
0459654780566513328308
0459654770564513328308
0459654770564513328308
0462654810564512328308
0462654810564512328308
0460654820561510327306
0460654820561510327306
0456654850558506326306
0456654850558506326306
0452654830558508325305
0452654830558508325305
0451654830558509325305
0451654830558509325305
0452654820559509325304
0452654820559509325304
0453654820559510326305
0453654820559510326305
0452654810559509325305
0452654810559509325305
0453654820558509325305
0453654820558509325305
0453654820558509325304
0453654820558509325304
0453654800558508325305
0453654800558508325305
0453654760557508325304
0453654760557508325304
0454654730557507324304
0454654730557507324304
0454654710556507324303
0454654710556507324303
0453654690555506324303
0453654690555506324303
0453654680554506324303
0453654680554506324303
0454654690553504323302
0454654690553504323302
0455654700555504324302
0455654700555504324302
0452654740566511327305
0452654740566511327305
0467654920574517329304
0467654920574517329304
0478655030579519324301
0478655030579519324301
0483655100583522324301
0483655100583522324301
0482655100583523323301
0482655100583523323301
0481655080580521323301
0481655080580521323301
0480655070580520322300
0480655070580520322300
0478655060581521323301
0478655060581521323301
0476655060582522322301
0476655060582522322301
0476655060581522322301
0476655060581522322301
0477655070582522321300
0477655070582522321300
0479655080583523323301
0479655080583523323301
0480655090583524323302
0480655090583524323302
0482655100583523324302
0482655100583523324302
0481655090582523323301
0481655090582523323301
0479655080582522324302
0479655080582522324302
0468655000580521323302
0468655000580521323302
0480655060582522325302
0480655060582522325302
0483655060583523326302
0483655060583523326302
0484655080583524327303
0484655080583524327303
0483655080584524328304
0483655080584524328304
0484655090583524328304
0484655090583524328304
0484655080583523328303
0484655080583523328303
0482655070583523331304
0482655070583523331304
0482655050582523332305
0482655050582523332305
0484655060582522332306
0484655060582522332306
0484655070582523332305
0484655070582523332305
0482655060581522331305
0482655060581522331305
0481655060581521331304
0481655060581521331304
0481655050579521330304
0481655050579521330304
0482655060580521330304
0482655060580521330304
0482655050580521331305
0482655050580521331305
0484655060580521332307
0484655060580521332307
0486655080579520331308
0486655080579520331308
0487655080579520331308
0487655080579520331308
0484655070578520331307
0484655070578520331307
0481655050577519330305
0481655050577519330305
0480655050578518327301
0480655050578518327301
0481655050578519328301
0481655050578519328301
0481655070578519327301
0481655070578519327301
0483655070578519326301
0483655070578519326301
0482655060580519322299
0482655060580519322299
0477655040580521321299
0477655040580521321299
0470655010580521320298
0470655010580521320298
0466654970579521319297
0466654970579521319297
0463654950579520318296
0463654950579520318296
0462654950579520319297
0462654950579520319297
0463654960579520319297
0463654960579520319297
0466654980579520319297
0466654980579520319297
0469655010580521318297
0469655010580521318297
0470655010579520319298
0470655010579520319298
0468654990579520320298
0468654990579520320298
0467654960577519320298
0467654960577519320298
0464654920577519319297
0464654920577519319297
0462654900576518319297
0462654900576518319297
0460654880575518320298
0460654880575518320298
0461654890573516320298
0461654890573516320298
0461654880573516322297
0461654880573516322297
0462654870572515325298
0462654870572515325298
0462654870572515326298
0462654870572515326298
0465654900571514326299
0465654900571514326299
0465654910570514326298
0465654910570514326298
0466654890569513327299
0466654890569513327299
0465654860567512327300
0465654860567512327300
0466654860565510326302
0466654860565510326302
0467654860564509326302
0467654860564509326302
0466654860564509326302
0466654860564509326302
0465654850564509326301
0465654850564509326301
0464654850564508325300
0464654850564508325300
0465654850564509326300
0465654850564509326300
0463654850564508326300
0463654850564508326300
0463654840563508326298
0463654840563508326298
0461654840563507324297
0461654840563507324297
0460654830564508325296
0460654830564508325296
0458654840564508324295
0458654840564508324295
0459654850564509322296
0459654850564509322296
0460654860565509321295
0460654860565509321295
0460654860565509323295
0460654860565509323295
0459654860565509322295
0459654860565509322295
0459654860565509320296
0459654860565509320296
0459654870566510319295
0459654870566510319295
0461654890567511321296
0461654890567511321296
0462654890566511322297
0462654890566511322297
0463654890566510324297
0463654890566510324297
0464654900566510324296
0464654900566510324296
0464654890566510325297
0464654890566510325297
0462654880566510325297
0462654880566510325297
0462654880565510324297
0462654880565510324297
0461654890565510322296
0461654890565510322296
0461654890566511322297
0461654890566511322297
0461654880566511323298
0461654880566511323298
0463654890566510324298
0463654890566510324298
0464654880566511326297
0464654880566511326297
0466654880565510328299
0466654880565510328299
0465654870564510327299
0465654870564510327299
0464654870564509327298
0464654870564509327298
0463654860564509326296
0463654860564509326296
0460654860564510325297
0460654860564510325297
0458654840564509323296
0458654840564509323296
0456654830562508321295
0456654830562508321295
0454654830562508319294
0454654830562508319294
0453654820563508319294
0453654820563508319294
0454654810563508320294
0454654810563508320294
0456654810562507321294
0456654810562507321294
0458654820563508323294
0458654820563508323294
0460654820565509323297
0460654820565509323297
0461654840565509323300
0461654840565509323300
0463654850566509323298
0463654850566509323298
0464654850568510324297
0464654850568510324297
0463654850569511324296
0463654850569511324296
0463654870568511323295
0463654870568511323295
0461654890568511318294
0461654890568511318294
0461654910568512317294
0461654910568512317294
0464654940569512317295
0464654940569512317295
0469654990569513318296
0469654990569513318296
0473655020570513318296
0473655020570513318296
0477655030570514324299
0477655030570514324299
0484655050567511328306
0484655050567511328306
0488655150564509326306
0488655150564509326306
0483655160562506324304
0483655160562506324304
0481655150561506324304
0481655150561506324304
0481655150562507325305
0481655150562507325305
0484655160561506325305
0484655160561506325305
0484655160562507325305
0484655160562507325305
0485655150562507325305
0485655150562507325305
0484655120562507326305
0484655120562507326305
0484655110560506325305
0484655110560506325305
0484655080560506325304
0484655080560506325304
0484655050560507325305
0484655050560507325305
0484655040560507325305
0484655040560507325305
0485655060560506325305
0485655060560506325305
0485655050560506325304
0485655050560506325304
0483655040558505325304
0483655040558505325304
0483655020559505325305
0483655020559505325305
0483655020559505325305
0483655020559505325305
0482655020560506326305
0482655020560506326305
0482655020561507326305
0482655020561507326305
0484655020560507325305
0484655020560507325305
0486655040562507324305
0486655040562507324305
0484655030563508325304
0484655030563508325304
0479654990564509326305
0479654990564509326305
0475654960564509326302
0475654960564509326302
0475654960565509325301
0475654960565509325301
0475654960566509326300
0475654960566509326300
0474654950566510326302
0474654950566510326302
0474654940564509326304
0474654940564509326304
0475654940564509325303
0475654940564509325303
0474654940564510326304
0474654940564510326304
0473654940565510327304
0473654940565510327304
0474654940565510327304
0474654940565510327304
0474654950566510326304
0474654950566510326304
0475654960566511327304
0475654960566511327304
0475654960567511328305
0475654960567511328305
0475654960566510328305
0475654960566510328305
0475654960567511327303
0475654960567511327303
0475654960568511328304
0475654960568511328304
0474654950567512328304
0474654950567512328304
0474654950567511328303
0474654950567511328303
0473654940567512328302
0473654940567512328302
0473654940568512328303
0473654940568512328303
0472654940567512328303
0472654940567512328303
0473654950566511328303
0473654950566511328303
0473654950566511327303
0473654950566511327303
0471654940565510327305
0471654940565510327305
0471654940564510326305
0471654940564510326305
0473654960565510326305
0473654960565510326305
0473654960566511326304
0473654960566511326304
0471654940566511326303
0471654940566511326303
0468654910565510326302
0468654910565510326302
0469654910563508325301
0469654910563508325301
0470654910564509326299
0470654910564509326299
0471654940565510326298
0471654940565510326298
0475655000569514324299
0475655000569514324299
0484655110574517323302
0484655110574517323302
0492655190575518324303
0492655190575518324303
0503655280578520327307
0503655280578520327307
0505655280581522329308
0505655280581522329308
0501655250581522328308
0501655250581522328308
0492655200581521327307
0492655200581521327307
0487655160580520327307
0487655160580520327307
0487655150579519328309
0487655150579519328309
0486655160579518327310
0486655160579518327310
0486655160579518329311
0486655160579518329311
0485655160580519331313
0485655160580519331313
0486655150579519332314
0486655150579519332314
0489655160579518337316
0489655160579518337316
0499655210581521344317
0499655210581521344317
0501655210581521342316
0501655210581521342316
0502655210579521342315
0502655210579521342315
0502655200579521341314
0502655200579521341314
0503655200580522342314
0503655200580522342314
0502655220580522342315
0502655220580522342315
0503655230579521342315
0503655230579521342315
0503655220579522341314
0503655220579522341314
0503655210579521342315
0503655210579521342315
0501655210579522342315
0501655210579522342315
0502655210578521341314
