065516654992722401767
00200001
00200001
01201111
01201111
00110111
00110111
001655350112
001655350112
00210001
00210001
00111111
00111111
01100112
01100112
00101111
00101111
00211001
00211001
00201111
00201111
00101111
00101111
00100111
00100111
00110001
00110001
00201111
00201111
00101111
00101111
011655350011
011655350011
00211101
00211101
00114314
00114314
006553304315
006553304315
0065524655323315
0065524655323315
0065521655314304
0065521655314304
0565517655273819
0565517655273819
026655236553144117
026655236553144117
05165535215106553420
05165535215106553420
09722171696553421
011735244655356553420
011735244655356553420
098241824136553526
098241824136553526
09417151276553422
09417151276553422
0286552065533610112
0286552065533610112
056550765530619310
056550765530619310
04655146553362029
04655146553362029
04655206553441817
04655206553441817
04655226553531814
04655226553531814
04655226553531715
04655226553531715
04655206553431815
04655206553431815
04655216553521615
04655216553521615
04655216553531814
04655216553531814
04655206553431815
04655206553431815
03655196553431814
03655196553431814
04655206553531714
04655206553531714
04655206553441814
04655206553441814
04655206553441815
04655206553441815
04655186553431814
04655186553431814
04655196553531714
04655196553531714
04655196553431814
04655196553431814
03655196553431814
