065389654136549065454654216548765446
0006553565535000
0006553565535000
0010065535655350
0010065535655350
001000655350
001000655350
000000655351
000000655351
00065535655350655351
00065535655350655351
011655356553565535655350
011655356553565535655350
00165533655350655351
00165533655350655351
00065532655350655351
00065532655350655351
011655326553465535655351
011655326553465535655351
00165533655350655340
00165533655350655340
00165534655350655351
00165534655350655351
00065534655350655351
00065534655350655351
001655346553465535655351
001655346553465535655351
0016553501365534
0016553501365534
0016553501465535
0016553501465535
000000565534
0110065535665534
0110065535665534
001111765533
001111765533
001022865533
001022865533
000012965533
000012965533
001000965533
001000965533
001011865532
001011865532
001011965533
001011965533
065535065535655350465534
065535065535655350465534
00106553565535765533
00106553565535765533
001000565532
001000565532
002001865533
002001865533
0006553500565533
0006553500565533
0020065535665533
0020065535665533
001001765532
001001765532
001000765533
001000765533
0006553501965532
0006553501965532
0020065535865532
0020065535865532
002010965532
002010965532
001111965532
001111965532
001000965532
001000965532
0011165535965531
0011165535965531
0010001065532
0010001065532
001655356553501065532
001655356553501065532
001655346553365534865532
001655346553365534865532
00206553365531165533
00206553365531165533
000065534655326553365535
000065534655326553365535
006553546553365535655310
006553546553365535655310
00655356553565531655316553365535
00655356553565531655316553365535
000655336552765521165535
00065530655256553044
00065530655256553044
0065535655256552165528655347
0065535655256552165528655347
0106552165512655186553211
0106552165512655186553211
02655356551265497655146553418
02655356551265497655146553418
05655346550365485655156553227
05655346550365485655156553227
07655346549565479655196553229
07655346549565479655196553229
01136549165483655346553131
01136549165483655346553131
01126549165485236553131
01126549165485236553131
0906549065478506553133
0906549065478506553133
0865535654906548286553133
0865535654906548286553133
01016549065487655346553233
01016549065487655346553233
01136549265497655356553233
01136549265497655356553233
0159654946551996553339
0159654946551996553339
018136549665532156553241
018136549665532156553241
01915654960156553241
01915654960156553241
01814654964176553241
01814654964176553241
01815654965186553242
01815654965186553242
020176549612226553244
020176549612226553244
022196549721256553246
022196549721256553246
024206549827296553146
024206549827296553146
023206549931306553149
023206549931306553149
019156549528286553248
019156549528286553248
019206549934108158
019206549934108158
018206549731133760
018206549731133760
0445655034395560
0445655034395560
01757655084056356
01757655084056356
03364655172637252
03364655172637252
02360655121029346
02360655121029346
03767655223139155
03767655223139155
03062655172737252
03062655172737252
04167655253345057
04167655253345057
03667655222037451
03667655222037451
04170655252241354
04170655252241354
03466655171233550
02657655113437153
02657655113437153
02657655103038552
02657655103038552
03157655123842356
03157655123842356
03159655133239355
03159655133239355
03258655133841256
03258655133841256
02858655123341556
02858655123341556
03058655133643358
03058655133643358
02657655103441456
02657655103441456
01443655023946152
01443655023946152
01936655022567356
01936655022567356
01334655026553147353
01334655026553147353
01025654946551296553538
01025654946551296553538
0925654956551214037
0925654956551214037
08256549565504136553539
08256549565504136553539
08246549565504146553339
08246549565504146553339
011276549665520216553341
011276549665520216553341
01228654985326553345
01228654985326553345
09256549765510176553441
09256549765510176553441
0622654936548116553435
0622654936548116553435
0722654956548646553434
0722654956548646553434
0522654936548936553429
0522654936548936553429
05226549165476655296553322
05226549165476655296553322
04226549265472655286553120
04226549265472655286553120
04236549365470655286553220
04236549365470655286553220
04236549265467655306553218
04236549265467655306553218
04236549165463655306553118
06226548965460655276553119
06226548965460655276553119
07236549165462655306553221
07236549165462655306553221
0824654916546416553324
0824654916546416553324
08246549365469106553229
08246549365469106553229
010256549365473156553332
010256549365473156553332
011266549565479176553234
011266549565479176553234
012276549665484226553336
012276549665484226553336
011276549565485236553337
011276549565485236553337
013276549665489206553340
013276549665489206553340
015296549865501236553243
015296549865501236553243
015296549865524296553347
015296549865524296553347
016296549915346553350
016296549915346553350
020336550134416553353
020336550134416553353
02137655043964155
02137655043964155
02036655043567259
02036655043567259
01835655043566159
01835655043566159
01834655032763258
01733655021761157
01733655021761157
01734655021862359
01734655021862359
01734655032564260
01734655032564260
02338655043763259
02338655043763259
04247655204282868
04247655204282868
066686553242841581
066686553242841581
05456655264691974
05456655264691974
057596552742113469
057596552742113469
05561655282364969
05561655282364969
042436551929661569
042436551929661569
07880043741182
07880043741182
0848565531442662
0848565531442662
0838226552034457
0838226552034457
09595135069773
09595135069773
08682132701578
08682132701578
093972053721382
093972053721382
0888926550924457
0888926550924457
0818265533945462
0818265533945462
093941434771580
093941434771580
086871211661475
086871211661475
08687146552352868
08687146552352868
084851265534581072
087881023741479
087881023741479
088901340811784
088901340811784
090921446862087
090921446862087
090921344872087
090921344872087
094961751892189
094961751892189
0981001754922190
0981001754922190
01031051539771787
01031051539771787
01041081838752289
01041081838752289
094981142842389
094981142842389
07578752792287
07578752792287
062636553138885193
062636553138885193
053516553140923689
053516553140923689
044486553333921483
044486553333921483
05665750109792
05665750109792
05561149107994
05561149107994
07069349991099
07069349991099
063656553242831493
063656553242831493
061626553018773088
061626553018773088
051526552465532673278
051526552465532673278
046466552165506321662
046466552165506321662
04543655196549371356
04543655196549371356
044436551965494101156
044436551965494101156
046446551765506381262
046446551765506381262
047466551965515441463
047466551965515441463
050506552165516411362
050506552165516411362
049496552465527551266
053526552465525501366
053526552465525501366
05150655253661372
05150655253661372
054556552465530551371
054556552465530551371
05555655284671375
05555655284671375
05355655240641477
05959655282681481
05959655282681481
051556552511751281
051556552511751281
05960655307751384
05960655307751384
05055655298811584
05055655298811584
058596553116831382
058596553116831382
050546553017821479
050546553017821479
055576553321841382
055576553321841382
048546552718821381
048546552718821381
058606553424931386
058606553424931386
051546552521891383
051546552521891383
057620301011589
057620301011589
052556552624961587
052556552624961587
0555965534281031788
0555965534281031788
054576552924951685
054576552924951685
0525865531261001988
0525865531261001988
055616553126921789
055616553126921789
0576465529331252097
0576465529331252097
0596724812623102
0596724812623102
05357655263683183
046466551265507202658
046466551265507202658
052556553165531581079
052556553165531581079
053598885878
053598885878
04756815901180
04756815901180
05057722931379
052591125941183
052591125941183
05260926921280
05260926921280
05159526891183
05159526891183
05462627881185
05462627881185
05261124881184
05261124881184
05664526941287
05664526941287
05162528931189
05162528931189
05564424901186
05564424901186
0536362994990
0536362994990
05463424891086
05463424891086
0536382990988
0516152784887
0516152784887
0546372890987
0546372890987
0516122586985
0516122586985
0536262790988
0536262790988
0505732487886
0505732487886
05056102782783
05056102782783
0485572288783
0485572288783
0475461793785
0475461793785
04753102287784
04753102287784
0485592287683
0485592287683
0505642191886
0505642191886
051586553219871187
051586553219871187
053596552914831185
053596552914831185
054626553115801084
054626553115801084
05462655306741183
05462655306741183
052606552865522561079
052606552865522561079
052606552665515471077
052606552665515471077
05158655246550228868
05157655236549933969
05157655236549933969
050576552565509521074
050576552565509521074
052596552665520631277
052596552665520631277
051586552765533681176
051586552765533681176
051586552715721276
051586552715721276
04955655253651373
04955655253651373
050566552614711275
050566552614711275
050576552615701274
050576552615701274
04855655248661373
04855655248661373
049566552517711275
049566552517711275
04856655240601271
04856655240601271
04956655259691373
04956655259691373
047556552937811278
047556552937811278
04551133931075
04551133931075
0455212282667
0455212282667
044542374650
044542374650
0454865529325629
0454865529325629
049486552065522251328
049486552065522251328
05051655186548741422
05051655186548741422
054596552165482655331418
054596552165482655331418
055626552265497161518
055626552265497161518
062696551965486655321615
062696551965486655321615
062706552065481655221918
062706552065481655221918
062706552065478655222221
062706552065478655222221
061696552465489655312222
061696552465489655312222
063706552265483655292019
063706552265483655292019
064736552365480655271917
064736552365480655271917
065736552565482655291918
065736552565482655291918
065746552565481655301917
065746552565481655301917
066746552665484655301817
066746552665484655301817
067756552965484655311717
067756552965484655311717
067756552965487655321918
067756552965487655321918
066746552965494655321919
066746552965494655321919
067756552865497655311919
067756552865497655311919
067766552865486655291817
067766552865486655291817
068766552765494655301919
068766552765494655301919
067766552665496655301818
067766552665496655301818
068766552665495655301919
068766552665495655301919
068766552865500655331918
068766552865500655331918
068766552565492655322018
068766552565492655322018
067756552465490655292020
067756552465490655292020
067756552465485655262119
067756552465485655262119
066756552465485655262319
066756552465485655262319
069796552065480655252418
069796552065480655252418
069786551965484655282523
069786551965484655282523
067736552165488655314139
067736552165488655314139
066706552465489655354548
066706552465489655354548
068706553065518455163
068706553065518455163
0697165534371065973
0697165534371065973
074763441286578
074763441286578
076795491507779
07577219997773
07577219997773
07375316917357
07375316917357
0747715567964
0747715567964
072756553365532378263
072756553365532378263
072766553265514655287656
072766553265514655287656
07072655296551196968
07072655296551196968
068696553265516325668
068696553265516325668
06669655256549664853
06669655256549664853
066756552365478655274549
066756552365478655274549
063706551765472655283734
063706551765472655283734
062686551765475655343331
062686551765475655343331
061676551665475655333331
061676551665475655333331
057636551565474655343333
057636551565474655343333
056606551465473655333435
056606551465473655333435
054596551565475655323334
054596551565475655323334
053576551465479655323734
053576551465479655323734
051556551565490655333730
051556551565490655333730
053576551565482655183123
053576551565482655183123
054596551665476655152921
054596551665476655152921
054596551765474655163224
054596551765474655163224
053596551765476655173526
053596551765476655173526
055616551965476655173728
055616551965476655173728
056626552165477655203930
056626552165477655203930
058646552365476655223831
058646552365476655223831
060666552465474655233428
060666552465474655233428
062686552465470655222825
062686552465470655222825
063706552465470655242622
063706552465470655242622
064716552265469655232623
064716552265469655232623
064716552065468655222422
064716552065468655222422
065736552265467655212421
065736552265467655212421
064726552165469655242519
064726552165469655242519
063716552165471655262819
063716552165471655262819
063696552065470655252819
063696552065470655252819
063716552165469655232819
063716552165469655232819
063706552165470655252919
063706552165470655252919
063716552365471655253020
063716552365471655253020
064706552265472655263120
064706552265472655263120
063706552465473655263121
063706552465473655263121
063706552365473655273321
063706552365473655273321
063706552465475655283424
063706552465475655283424
062686552465474655303329
062686552465474655303329
064696552665475655313232
064696552665475655313232
070736553065474655262725
070736553065474655262725
071746552465471655242120
071746552465471655242120
075766552365470655241917
075766552365470655241917
079816552765472655251816
079816552765472655251816
078786552965472655261513
078786552965472655261513
073756552665469655251316
073756552665469655251316
072726552265465655231321
072726552265465655231321
072726552465467655231321
072726552665470655251419
072726552665470655251419
072736552765470655241318
072736552765470655241318
074746552865470655241316
074746552865470655241316
068676552665471655241317
068676552665471655241317
064646552565472655251518
064646552565472655251518
063626552565473655261517
063626552565473655261517
065646552465473655251414
065646552465473655251414
065656552465476655261412
065656552465476655261412
064656552365477655281716
064656552365477655281716
06363655236547701716
06363655236547701716
06567655236548101816
06567655236548101816
06669655236549202216
06669655236549202216
066686552465493655352216
066686552465493655352216
064666552165488655272015
064666552165488655272015
066686552165489655331823
066686552165489655331823
068706552365499131930
068706552365499131930
068716552465505181935
068716552465505181935
067686552365507181937
067686552365507181937
067686552365501101833
06770655236550091832
06770655236550091832
069716552465499101735
069716552465499101735
069706552365499111735
069706552365499111735
068706552365498111635
068706552365498111635
066676552365500151837
066676552365500151837
06565655236549691938
06565655236549691938
064636552065487655341832
064636552065487655341832
06565655236549421732
06565655236549421732
066656552865507261842
066656552865507261842
065656552665506231943
065656552665506231943
066646552465503192043
066646552465503192043
061606552165503141535
061606552165503141535
05653655156549191331
05653655156549191331
060576552465524341653
060576552465524341653
061576552365534351555
061576552365534351555
0605765528132953
0605765528132953
05855655266553127749
05855655266553127749
05957655306553330549
05957655306553330549
06056655266552728447
06056655266552728447
0625765525737142
0625765525737142
0645765526740640
0645765526740640
0595565524942931
0595565524942931
06357655268411925
06357655268411925
064576552215392815
064576552215392815
065576552112373513
065576552112373513
063556552312373321
063556552312373321
06657655229323816
06657655229323816
06758655239324610
06758655239324610
06658655245324711
0675865524330477
0675865524330477
06859655261340506
06859655261340506
07162655271136455
07162655271136455
06960655291845487
06960655291845487
07162655291539404
07162655291539404
07063655322348435
07063655322348435
07465655301944372
07465655301944372
07163655302450404
07163655302450404
07566655322249372
07566655322249372
07364655281442331
07364655281442331
07465655342653382
07465655342653382
07364655322048341
07364655322048341
07263655302249290
07263655302249290
076676553417452565534
076676553417452565534
07466655304351865531
07466655304351865531
07466655301341965532
07466655301341965532
075676553111442265534
075676553111442265534
077686553312432165533
077686553312432165533
075666553017472565535
075666553017472565535
0786902756261
0786902756261
07667655291649240
07667655291649240
0787023967292
0787023967292
07970655311247250
07970655311247250
07770655353365293
07770655353365293
08071655342560282
08071655342560282
07971655341753240
07971655341753240
0797213469303
0797213469303
07972655352360262
07972655352360262
08073655352461252
08073655352461252
07971655352864282
07971655352864282
08374655286553241314
08374655286553241314
084806552765522261018
084806552765522261018
08787655296550841221
08787655296550841221
08687655296550632518
08687655296550632518
086846552865516224218
086846552865516224218
087846552665503655334411
087846552665503655334411
090876552765514163910
090876552765514163910
0928965529655129356
0928965529655129356
0939165529655090335
0939165529655090335
09291655296551721338
09291655296551721338
094946553165513162612
094946553165513162612
09489655326550593116
09489655326550593116
09186655296550583914
09186655296550583914
0938765529655056379
