04165223065486654896546565456
016553200011
016553200011
016553200000
016553200000
016553200011
016553200011
006553100011
006553100011
026553100001
026553100001
0165532010065535
0165532010065535
016553101001
016553101001
006552901000
006552901000
01655250152714
01655250152714
065529655310661201929
065529655310661201929
0655092601152014657
0655092601152014657
0655003801392355175
0655003801392355175
0654984201322194977
0654984201322194977
0654984301322144879
0654984301322144879
0654984201342234980
0654984201342234980
0654974201462414979
0654974201462414979
0654994301462444978
0654994301462444978
0654994301362285175
0654994301362285175
0655024101232125381
0655024101232125381
065505350891565087
065505350891565087
065512210831484592
065512210831484592
0655185040554093
0655185040554093
065520001453796
065520001453796
0655216553501453796
0655216553501453796
065521001443694
065521001443694
0655193050753771
0655193050753771
06551390801474383
06551390801474383
065508210681265081
065508210681265081
0655072701005084
0655072701005084
0655063001005387
0655063001005387
0655063101005289
0655063101005289
065508280905090
065508280905090
0655092801004989
0655092801004989
0655092501014890
0655092501014890
0655151001114393
0655151001114393
065521101233894
065521101233894
0655236553301453696
0655236553301453696
0655236553201453797
0655236553201453797
0655226553101453797
0655226553101453797
0655236553301453895
0655236553301453895
065520301543891
065520301543891
0655151101534289
0655151101534289
0655092201314887
0655092201314887
06550632050805286
06550632050805286
0655013901242105388
0655013901242105388
0654994201462345390
0654994201462345390
0654974201482365188
0654974201482365188
0654984401482365186
0654984401482365186
0654984401482375184
0654984401482375184
0654974301482375285
0654974301482375285
0654974301482385284
0654974301482385284
0655004201352245484
0655004201352245484
065504390771275386
065504390771275386
0655102501242004994
0655102501242004994
06551670232144100
06551670232144100
0655192011239100
0655192011239100
0655206553501243999
0655206553501243999
06552065534012439102
06552065534012439102
0655216553206810039102
0655216553206810039102
06552265533010116139101
06552265533010116139101
06552000701104098
06552000701104098
065516601544196
065516601544196
0655101801324693
0655101801324693
065505320961655192
065505320961655192
0655004001262035493
0655004001262035493
0654984201462285391
0654984201462285391
0654984301492335289
0654984301492335289
0654984301492335288
0654984301492335288
0654994301482345389
0654994301482345389
0654984201482345388
0654984201482345388
0654984301472335388
0654984301472335388
0654994301482335387
0654994301482335387
0655014201382245687
0655014201382245687
065505370801315290
065505370801315290
065513180804798
065513180804798
0655186011242102
0655186011242102
0655192012341104
0655192012341104
0655190012441104
0655190012441104
0655200011441105
0655200011441105
0655200013341103
0655200013341103
0655191013442103
0655191013442103
0655174013343100
0655174013343100
0655102201115092
0655102201115092
065503380881485590
065503380881485590
0654994201452365592
0654994201452365592
0654974301502365391
0654974301502365391
0654984501492345289
0654984501492345289
0654984501502355287
0654984501502355287
0654984501492355387
0654984501492355387
0654974401492355387
0654974401492355387
0654984501492345386
0654984501492345386
0654984501492365385
0654984501492365385
0654984501482355486
0654984501482355486
0654984401482355485
0654984401482355485
0654984501482345385
0654984501482345385
0654984401482365485
0654984401482365485
065501420901405587
065501420901405587
065508330805093
065508330805093
06551712010145101
06551712010145101
0655212012343104
0655212012343104
0655201012443106
0655201012443106
0655211012343106
0655211012343106
0655212013342105
0655212013342105
0655211013444106
0655211013444106
0655201012443107
0655201012443107
0655178013246101
0655178013246101
0655072801005497
0655072801005497
0654994001221965599
0654994001221965599
0654964401502375495
0654964401502375495
0654964701512395294
0654964701512395294
0654964801512405292
0654964801512405292
0654964801512405391
0654964801512405391
0654964601512405391
0654964601512405391
0654974701492395389
0654974701492395389
0654974701502405289
0654974701502405289
0654964701502405390
0654964701502405390
0654964601502405389
0654964601502405389
0654984601482415489
0654984601482415489
065501420991615492
065501420991615492
0655083301005199
0655083301005199
06551514012148105
06551514012148105
0655214014344110
0655214014344110
0655220016444110
0655220016444110
0655220016446112
0655220016446112
06552165535016446112
06552165535016446112
0655220016446111
0655220016446111
0655211017446109
0655211017446109
06551313016353106
06551313016353106
06550333012921660106
06550333012921660106
06549943014923458102
06549943014923458102
0654984401552415799
0654984401552415799
06549743015424058100
06549743015424058100
06549743015223957100
06549743015223957100
06549745015223857100
06549745015223857100
06549747015223957100
06549747015223957100
0654964801512385699
0654964801512385699
0654954701502385698
0654954701502385698
0654954601502385599
0654954601502385599
0654954601502395799
0654954601502395799
06549546015023857100
06549546015023857100
0654974601502395896
0654974601502395896
0655014201151875796
0655014201151875796
0655073309053103
0655073309053103
06551412011149109
06551412011149109
0655193012244111
0655193012244111
0655202013242109
0655202013242109
065520201224398
065520201224398
065519201224398
065519201224398
0655203011243100
0655203011243100
065519401224297
065519401224297
0655194012243102
0655194012243102
0655174011243102
0655174011243102
0655185011244101
0655185011244101
065518601224399
065518601224399
065517701224599
065517701224599
0655167012245100
0655167012245100
065517901124496
065517901124496
0655161001224493
0655161001224493
0655161101124594
0655161101124594
0655151101124494
0655151101124494
0655161301014493
0655161301014493
0655151201124494
0655151201124494
0655151301124596
0655151301124596
0655141301124697
0655141301124697
0655141301114695
0655141301114695
0655141301224695
0655141301224695
0655141301124695
0655141301124695
0655141301124694
0655141301124694
0655141401114595
0655141401114595
0655141401124694
0655141401124694
0655131401124694
0655131401124694
0655141401124694
0655141401124694
0655141501114593
0655141501114593
0655141501224693
0655141501224693
0655141501124694
0655141501124694
0655131501114794
0655131501114794
0655082509049100
0655082509049100
065507290905198
065507290905198
065507260905197
065507260905197
065509260915198
065509260915198
065508270905097
065508270905097
06550629049685396
06550629049685396
0655033601342105493
0655033601342105493
0655043801131795290
0655043801131795290
0655043801181865288
0655043801181865288
0655043801231965390
0655043801231965390
0655033701221945391
0655033701221945391
0655043801231985391
0655043801231985391
0655043801251995291
0655043801251995291
0655063501061665193
0655063501061665193
06551219056784598
06551219056784598
0655196011239102
0655196011239102
0655211013437103
0655211013437103
0655201013439105
0655201013439105
0655200013438103
0655200013438103
0655194013339100
0655194013339100
065511170731244596
065511170731244596
0655062901031765094
0655062901031765094
0655023601292065391
0655023601292065391
0655014101452265389
0655014101452265389
0654994201472315392
0654994201472315392
0654974301482345291
0654974301482345291
0654974301472345188
0654974301472345188
0654984401462345088
0654984401462345088
0655004201402315390
0655004201402315390
0655033801262155493
0655033801262155493
065508290781175095
065508290781175095
065514140374446100
065514140374446100
0655184011242105
0655184011242105
0655190012341108
0655200012341108
0655200012341108
0655202013340106
0655202013340106
065519401234095
065519401234095
065518501234199
065518501234199
0655185012342103
0655185012342103
0655176013341101
0655176013341101
0655141301224399
0655141301224399
065507280901634896
065507280901634896
0655043801272155294
0655043801272155294
0654994101482365086
0654994101482365086
0654984301482365081
0654984301482365081
0654984201482365078
0654984201482365078
0654994301462355177
0654994301462355177
0654994301482365074
0654994301482365074
0654994201472365276
0654994201472365276
0655004101442335482
0655004101442335482
0655043901252105289
0655043901252105289
0655093201242085094
0655093201242085094
065514170487048100
065514170487048100
0655195010243104
0655195010243104
0655222010241105
0655222010241105
0655211012340104
0655211012340104
0655211011342104
0655211011342104
0655200011341102
0655200011341102
0655212011241102
0655212011241102
065519501234398
065519501234398
06551218031374994
06551218031374994
0655043301272195989
0655043301272195989
0655004001272165586
0655004001272165586
0654984201402365283
0654984201402365283
0654974201442445183
0654984301442464968
0654984301442464968
0654994401462484964
0654994401462484964
0654984301452495170
0654984301452495170
0654984201452495177
0654984201452495177
0654984301452515283
0654984301452515283
0655004201342305286
0655004201342305286
06550535039595288
06550535039595288
065510230904993
065510230904993
065517901004695
065517901004695
065520401114395
065520401114395
065519301114594
065519301114594
065518301124593
065518301124593
065519401014491
065519401014491
065519401114490
065519401114490
065518401114590
065518401114590
065517401114590
065517401114590
065517801114691
065517801114691
0655151101214692
0655151101214692
0655151301214794
0655151301214794
0655131501114893
0655131501114893
0655142001014674
0655142001014674
0655142101214573
0655142101214573
0655132001114569
0655132001114569
0655131901214564
0655131901214564
0655131801004478
0655131801004478
06551215027234491
06551215027234491
06551115010013550116
06551115010013550116
06550916014017764200
06550916014017764200
06550720014819579286
06550720014819579286
06550225015221681322
06550225015221681322
06549738015223983315
06549738015223983315
06549079015823891254
06549079015823891254
065490199019721996163
065490199019721996163
065490280021221799132
065490280021221799132
065490311021321699126
065490311021321699126
065490338021421698118
065490338021421698118
065490358021621696112
