065515675065399652936551365508
016553500000
016553500000
016553400000
016553400000
016553400000
016553400000
016553400000
016553400000
006553500000
006553500000
0655356553500000
0655356553500000
00000000
00000000
00000000
00000000
065535000000
065535000000
0655346553500000
0655346553500000
065535000000
065535000000
065534000000
065534000000
065534000000
065534000000
0655346553400000
0655346553400000
026553301000
0206550506000
0206550506000
0556550009100
0556550009100
0886549108200
0886549108200
01136550107401
01136550107401
0113205000
0113205000
0436551202000
0436551202000
006550800000
006550800000
0655336551500000
0655336551500000
0655346551800000
0655346551800000
026552800000
026552800000
086553500000
086553500000
013800000
013800000
0241100000
0241100000
0506553000000
0506553000000
0546552500000
0546552500000
0546551800000
0546551800000
0556551300000
0556551300000
0576550500000
0576550500000
0566550300000
0566550300000
0526550400000
0526550400000
0586550300000
0586550300000
0556549800000
0556549800000
0596549100000
0596549100000
0496549000000
0496549000000
0506548600000
0506548600000
0536548600000
0536548600000
0496548800000
0496548800000
0436548900000
0436548900000
0416548800000
0416548800000
0396548900000
0396548900000
0406549200000
0406549200000
0456549300000
0456549300000
0436549500000
0436549500000
0366550800000
0366550800000
0306551300000
0306551300000
0206550300000
0206550300000
0655356548900000
0655356548900000
0655246548300000
0655246548300000
016548000000
016548000000
0176547700000
0176547700000
056547900000
056547900000
0655216548400000
0655216548400000
0655336548100000
0655336548100000
056548000000
056548000000
0655206548500000
0655206548500000
0655156548400000
0655156548400000
0655126548500000
0655126548500000
0655086548500000
0655086548500000
0655136548200000
0655136548200000
0655236548100000
0655236548100000
056548300000
056548300000
0506548600000
0506548600000
0526548400000
0526548400000
0296548200000
0296548200000
0146548200000
0146548200000
0206548000000
0206548000000
0136547800000
0136547800000
0276547800000
0276547800000
0186547900000
0186547900000
0196547300000
0196547300000
0216546900000
0216546900000
0176547000000
0176547000000
0206547100000
0206547100000
0136547000000
0136547000000
0106546800000
0106546800000
0126547000000
0126547000000
0176547200000
0176547200000
0126547300000
0126547300000
006547200000
006547200000
006547300000
006547300000
0176547500000
0176547500000
0246547500000
0246547500000
096547300000
096547300000
046547400000
046547400000
0206546600000
0206546600000
0336546700000
0336546700000
0236547100000
0236547100000
0186547100000
0186547100000
0326547100000
0326547100000
0196547000000
0196547000000
076547600000
076547600000
016547900000
016547900000
0655346548000000
0655346548000000
0655326548100000
0655326548100000
0655296547800000
0655296547800000
0655306547800000
076547800000
076547800000
0346547200000
0346547200000
0486547000000
0486547000000
0506547100000
0506547100000
0486547100000
0486547100000
0396547100000
0396547100000
0206547400000
0206547400000
076547900000
076547900000
026547800000
026547800000
0655346547800000
0655346547800000
006547700000
006547700000
096548100000
096548100000
086548600000
086548600000
026548500000
026548500000
086548300000
086548300000
0106548300000
0106548300000
076547900000
076547900000
0655256548601000
0655256548601000
0655206548900000
0655206548900000
0655276548400000
0655276548400000
0216548100000
0216548100000
0226547900000
0226547900000
0655306548700000
0655306548700000
0655246549201000
0655246549201000
0655296548500000
0655296548500000
0346547301000
0346547301000
0526547400000
0526547400000
0526547400000
0526547400000
0516547300000
0516547300000
0516547100000
0516547100000
0456547200000
0456547200000
0655356548500000
0655356548500000
0655246549300000
0655246549300000
0655216549200000
0655216549200000
0655206549200000
0655206549200000
0655356548501000
0655356548501000
0646547201000
0646547201000
0686547201000
0686547201000
0656547200000
0656547200000
0626547100000
0626547100000
0606547000000
0606547000000
0576546900000
0576546900000
0186548100000
0186548100000
016549200000
016549200000
0655316549300000
0655316549300000
0655346549300000
0655346549300000
0655356549400000
0655356549400000
0655336549400000
0655336549400000
0136548501000
0136548501000
0736547401000
0736547401000
0696547501000
0696547501000
0646547400000
0646547400000
0626547300000
0626547300000
0616547300000
0616547300000
0136548901000
0136548901000
0655346549201000
0655346549201000
0536548601000
0536548601000
0996548301000
0996548301000
0946548101000
0946548101000
0486547301000
0486547301000
0376547602000
0376547602000
0426547802000
0426547802000
0416547703000
0416547703000
0446547903000
0446547903000
0506548003000
0506548003000
0526548303000
0526548303000
0536548304000
0536548304000
01046550002000
01046550002000
01021001000
01021001000
0606548701000
0606548701000
096548603000
096548603000
006548403000
006548403000
0655346548302000
0655346548302000
0476548002000
0476548002000
0816547802000
0816547802000
0676547601000
0676547601000
0566547900000
0566547900000
0586547900000
0586547900000
056544800000
056544800000
0156549900000
0156549900000
0655206545200000
0655206545200000
0655216543500000
0655216543500000
06365471770000
06365471770000
0107655141350000
0107655141350000
066654881630000
066654881630000
034654471660000
034654471660000
020654541770000
020654541770000
06654721681000
06654721681000
020654821701000
020654821701000
05654691770000
05654691770000
05654751850000
05654751850000
065534654751900000
065534654751900000
065522654721830000
065522654721830000
04654741761000
04654741761000
06654741790000
06654741790000
021654771800000
021654771800000
017654781850000
017654781850000
065526654721830000
065526654721830000
04654691731000
04654691731000
04654721761000
04654721761000
09654791820000
09654791820000
013654851840000
013654851840000
04654831840000
04654831840000
065524654781682000
065524654781682000
065516654721257000
065516654721257000
0655136546911414601
0655136546911414601
065511654601068712104
065511654601068712104
0365468102941206642
0365468102941206642
06552965474103951193222
06552965474103951193222
0565481106941175737
0565481106941175737
06551565516112931195331
06551565516112931195331
065501655341271111486427
065501655341271111486427
06551017117961158229
06551017117961158229
06551727124991265510
06551727124991265510
06552032122971217421
06552032122971217421
01030120991327318
01030120991327318
034401171051257316
034401171051257316
065527401221021317018
065527401221021317018
05341171051217119
05341171051217119
073411171061369028
073411171061369028
062421151211267118
062421151211267118
011291201121289236
011291201121289236
065522341261011226920
065522341261011226920
045312010812410441
045312010812410441
02421211061286415
02421211061286415
065534431221031288630
065534431221031288630
014481181031287823
014481181031287823
022451131021297923
022451131021297923
09391091071237620
09391091071237620
014421121061268022
014421121061268022
08391121021257519
08391121021257519
01733112981217522
01733112981217522
02165520116961235424
02165520116961235424
01265506111921184428
01065501112951234527
01065501112951234527
01365501113921173925
01365501113921173925
01365497114961254025
01365497114961254025
04465494111921224630
04465494111921224630
02465482108941263626
02465482108941263626
06552465470107931223822
06552465470107931223822
0654926548110016331511
0654926548110016331511
065492654835533461514
065492654835533461514
065533654750811165030
065533654750811165030
02654830931193625
02654830931193625
0156549101001295031
0156549101001295031
0655316549401031253826
0655316549401031253826
015655130771033531
015655130771033531
027654971891244432
027654971891244432
0765491104791181520
0765491104791181520
0655246545712871011
0655246545712871011
065529654691581004
065529654691581004
014654681620000
014654681620000
033654631750000
033654631750000
039654651750000
039654651750000
039654661780000
039654661780000
034654671810000
034654671810000
033654671800000
033654671800000
024654711780000
024654711780000
065533654781850000
065533654781850000
051654731870000
051654731870000
049654731920000
049654731920000
044654741950000
044654741950000
047654741920000
047654741920000
048654731890000
048654731890000
045654691590000
045654691590000
051654591200000
051654591200000
068654531331001
068654531331001
090654501221001
090654501221001
0112654531281001
0112654531281001
0112654491420000
0112654491420000
0122654571540000
0122654571540000
0127654601690000
0127654601690000
0122654571730000
0122654571730000
0116654551730000
0116654551730000
0114654561860000
0114654561860000
0110654561870000
0110654561870000
0109654561900000
0109654561900000
0108654571900000
0108654571900000
0109654581900000
0109654581900000
0109654581920000
0109654581920000
0109654581940000
0109654581940000
0109654581970000
0109654581970000
0109654582000000
0109654582000000
0109654581960000
0109654581960000
0106654551940000
0106654551940000
085654541920000
085654541920000
049654642000000
057654652030000
057654652030000
0103654622020000
0103654622020000
0114654602020000
0114654602020000
0105654642020000
0105654642020000
074654622040000
074654622040000
081654642050000
081654642050000
0108654622080000
0108654622080000
0109654662070000
0109654662070000
088654692050000
088654692050000
022654672070000
022654672070000
021654742060000
021654742060000
089654641980000
089654641980000
081654631611002
081654631611002
0336547011921221213
0336547011921221213
0416547110470989269
0416547110470989269
0266546385741003431
0266546385741003431
065524654791051041275339
065524654791051041275339
065526654131231481715611
0128654711381481623444
0128654711381481623444
01206545814712914087125
01206545814712914087125
0109654418813113593121
0109654418813113593121
0117654501241461537554
0117654501241461537554
0133654821391701897226
0133654821391701897226
0137654762011471537332
0137654762011471537332
0146654721931371426852
0146654721931371426852
01596551719593974638
01596551719593974638
0424221546462836
0424221546462836
06551114721734404428
06551114721734404428
06549824239891515
06549824239891515
0654982334803715
0654982334803715
0654982324822705
0654982324822705
0654972424872414
0654972424872414
06549322230970842216
06549322230970842216
065504221341051184938
065504221341051184938
065505654811101041166354
065505654811101041166354
06550365520451041178067
06550365520451041178067
0655046551201071199177
0655046551201071199177
0655044401031158371
0655044401031158371
0655046601041148471
0655046601041148471
0655047601031148572
